0 0.306250 0.955556 0.290625 0.950000 0.276562 0.997222 0.300000 0.986111
0 0.814063 0.947222 0.831250 0.977778 0.845313 0.980556 0.854688 0.997222 0.893750 0.997222 0.843750 0.950000
0 0.334375 0.950000 0.364063 0.969444 0.375000 0.958333 0.400000 0.988889 0.495312 0.997222 0.479687 0.986111 0.445312 0.986111 0.439063 0.958333 0.412500 0.941667 0.406250 0.963889 0.395313 0.947222 0.362500 0.947222 0.348438 0.933333
0 0.451562 0.916667 0.467187 0.944444 0.450000 0.941667 0.459375 0.950000 0.523438 0.961111 0.521875 0.911111 0.489063 0.913889 0.457813 0.902778
0 0.198437 0.847222 0.187500 0.833333 0.146875 0.825000 0.126562 0.916667 0.109375 0.947222 0.070312 0.972222 0.056250 0.997222 0.118750 0.997222 0.120313 0.980556 0.139063 0.947222 0.143750 0.888889 0.171875 0.858333 0.198437 0.869444
0 0.365625 0.622222 0.335938 0.619444 0.315625 0.633333 0.312500 0.655556 0.289062 0.680556 0.287500 0.711111 0.279687 0.719444 0.257812 0.719444 0.228125 0.694444 0.220312 0.666667 0.200000 0.630556 0.181250 0.633333 0.181250 0.672222 0.192188 0.697222 0.204687 0.700000 0.234375 0.727778 0.260937 0.741667 0.284375 0.741667 0.312500 0.713889 0.321875 0.672222 0.334375 0.658333 0.342187 0.675000 0.343750 0.705556 0.364063 0.647222
0 0.998437 0.522222 0.989062 0.538889 0.968750 0.538889 0.943750 0.505556 0.925000 0.505556 0.889062 0.530556 0.887500 0.547222 0.932813 0.547222 0.948438 0.536111 0.957812 0.580556 0.976562 0.577778 0.998437 0.613889 0.985938 0.691667 0.975000 0.708333 0.959375 0.716667 0.959375 0.750000 0.943750 0.755556 0.929688 0.772222 0.912500 0.813889 0.904687 0.880556 0.890625 0.905556 0.881250 0.911111 0.865625 0.897222 0.840625 0.894444 0.823438 0.919444 0.784375 0.919444 0.773438 0.911111 0.771875 0.894444 0.751563 0.855556 0.704688 0.855556 0.682813 0.836111 0.653125 0.861111 0.643750 0.894444 0.671875 0.858333 0.687500 0.858333 0.704688 0.891667 0.725000 0.877778 0.748437 0.880556 0.771875 0.916667 0.757812 0.933333 0.721875 0.941667 0.712500 0.950000 0.706250 0.969444 0.715625 0.969444 0.746875 0.938889 0.775000 0.936111 0.784375 0.925000 0.820312 0.930556 0.820312 0.941667 0.843750 0.925000 0.895312 0.933333 0.910937 0.900000 0.914062 0.861111 0.926562 0.819444 0.934375 0.808333 0.935937 0.841667 0.942187 0.836111 0.967187 0.772222 0.975000 0.766667 0.978125 0.744444 0.998437 0.708333
0 0.998437 0.477778 0.992188 0.502778 0.995313 0.516667
0 0.570312 0.308333 0.542188 0.333333 0.532813 0.316667 0.514062 0.316667 0.464062 0.411111 0.435937 0.433333 0.409375 0.502778 0.371875 0.527778 0.356250 0.577778 0.362500 0.561111 0.403125 0.530556 0.407813 0.513889 0.459375 0.430556 0.471875 0.422222 0.496875 0.369444 0.517188 0.355556 0.529687 0.372222 0.546875 0.372222 0.556250 0.333333
0 0.998437 0.102778 0.993750 0.094444 0.982812 0.094444 0.926562 0.177778 0.915625 0.177778 0.909375 0.155556 0.901563 0.152778 0.870313 0.183333 0.848437 0.188889 0.835938 0.222222 0.828125 0.211111 0.817187 0.211111 0.810937 0.225000 0.792188 0.222222 0.775000 0.252778 0.775000 0.269444 0.793750 0.261111 0.801562 0.288889 0.823438 0.275000 0.834375 0.300000 0.845313 0.308333 0.865625 0.266667 0.868750 0.227778 0.873437 0.219444 0.925000 0.230556 0.971875 0.191667 0.987500 0.188889 0.998437 0.200000 0.998437 0.147222 0.984375 0.138889 0.984375 0.119444
0 0.962500 0.083333 0.910937 0.083333 0.893750 0.097222 0.818750 0.111111 0.795312 0.130556 0.767188 0.130556 0.756250 0.116667 0.759375 0.102778 0.743750 0.102778 0.706250 0.147222 0.692187 0.119444 0.668750 0.105556 0.645312 0.105556 0.620313 0.125000 0.604688 0.125000 0.596875 0.152778 0.634375 0.144444 0.640625 0.130556 0.681250 0.138889 0.692187 0.161111 0.707812 0.161111 0.718750 0.147222 0.746875 0.138889 0.792188 0.152778 0.782813 0.163889 0.782813 0.175000 0.723437 0.175000 0.721875 0.166667 0.701562 0.166667 0.662500 0.186111 0.625000 0.219444 0.604688 0.272222 0.585938 0.277778 0.575000 0.300000 0.595313 0.302778 0.629687 0.250000 0.660937 0.225000 0.673438 0.205556 0.676562 0.247222 0.714063 0.202778 0.787500 0.194444 0.814063 0.166667 0.817187 0.141667 0.828125 0.130556 0.865625 0.133333 0.896875 0.119444 0.926562 0.119444 0.937500 0.108333 0.960938 0.108333
