0 0.353906 0.969444 0.350000 0.977083 0.348828 0.985417 0.349219 0.981944 0.353906 0.973611
0 0.834375 0.998611 0.846875 0.999306 0.855078 0.993750 0.855859 0.990972 0.860938 0.999306 0.872266 0.999306 0.872266 0.996528 0.867188 0.985417 0.860547 0.985417 0.853906 0.977778 0.852344 0.965278 0.849219 0.970833 0.847656 0.985417 0.841797 0.995139
0 0.859766 0.934722 0.858203 0.937500 0.858203 0.945833 0.855078 0.950694 0.855078 0.954167 0.858203 0.953472 0.860547 0.950000
0 0.351172 0.920833 0.348047 0.926389 0.346875 0.932639 0.346875 0.944444 0.353125 0.952778 0.348438 0.942361 0.348438 0.939583 0.351562 0.934722
0 0.299609 0.809028 0.298047 0.827083 0.300781 0.828472 0.305859 0.843056 0.312500 0.847222 0.313281 0.859722 0.317578 0.865972 0.317969 0.874306 0.326172 0.874306 0.329297 0.878472 0.329297 0.891667 0.330469 0.897917 0.333203 0.897917 0.335156 0.895139 0.340625 0.895139 0.350391 0.916667 0.350781 0.899306 0.353906 0.904861 0.360938 0.909722 0.365234 0.916667 0.369922 0.918056 0.380859 0.929167 0.387891 0.929167 0.392578 0.933333 0.396875 0.933333 0.403516 0.942361 0.408984 0.940278 0.419141 0.940972 0.421875 0.945139 0.422656 0.956250 0.426563 0.955556 0.432031 0.950000 0.435937 0.950000 0.438672 0.940278 0.448437 0.943056 0.455078 0.940278 0.460156 0.943056 0.467187 0.943056 0.468359 0.940972 0.473828 0.940972 0.478516 0.938194 0.478125 0.960417 0.479687 0.962500 0.478906 0.979167 0.480469 0.988194 0.483984 0.995833 0.494141 0.998611 0.494141 0.996528 0.492188 0.996528 0.485547 0.983333 0.484375 0.966667 0.482422 0.959722 0.482422 0.934028 0.480859 0.931250 0.480859 0.926389 0.476172 0.917361 0.468359 0.908333 0.471094 0.890972 0.465234 0.892361 0.464062 0.897222 0.464062 0.908333 0.462891 0.909722 0.464062 0.919444 0.461328 0.924306 0.455469 0.928472 0.453125 0.933333 0.435547 0.936111 0.430859 0.941667 0.425391 0.941667 0.420312 0.933333 0.416016 0.936806 0.412500 0.936806 0.408203 0.934028 0.405859 0.929861 0.393359 0.928472 0.389844 0.925000 0.381250 0.922222 0.372656 0.912500 0.356250 0.900000 0.349219 0.889583 0.342578 0.883333 0.333984 0.882639 0.328906 0.873611 0.328516 0.864583 0.325781 0.856250 0.323828 0.841667 0.322656 0.839583 0.315234 0.838889 0.304297 0.822917
0 0.883203 0.784722 0.881250 0.792361 0.881250 0.809028 0.878516 0.815278 0.878906 0.834028 0.872656 0.848611 0.871875 0.865972 0.866016 0.885417 0.865234 0.893056 0.862500 0.897917 0.859766 0.899306 0.860547 0.904167 0.862500 0.904167 0.863672 0.906944 0.862891 0.925694 0.860156 0.931250 0.862500 0.926389 0.872266 0.923611 0.872266 0.911111 0.870703 0.907639 0.869141 0.888889 0.872656 0.884722 0.878125 0.868056 0.876953 0.843750 0.880859 0.837500 0.880859 0.828472 0.883984 0.816667
0 0.757422 0.782639 0.755859 0.786111 0.750781 0.787500 0.745703 0.792361 0.743359 0.798611 0.735547 0.809722 0.725391 0.809722 0.720313 0.816667 0.718359 0.830556 0.712109 0.831250 0.707422 0.836111 0.701172 0.836111 0.689453 0.827083 0.686328 0.822222 0.686328 0.845833 0.678516 0.856944 0.672656 0.859028 0.670703 0.865278 0.665234 0.868750 0.658203 0.854167 0.658203 0.839583 0.662109 0.830556 0.662500 0.819444 0.658984 0.817361 0.657031 0.818750 0.658984 0.831944 0.658203 0.834028 0.651953 0.834028 0.651953 0.838889 0.653906 0.845833 0.657813 0.852083 0.657813 0.858333 0.655859 0.861806 0.655469 0.869444 0.658984 0.870833 0.659766 0.875000 0.653516 0.888194 0.653516 0.906250 0.643750 0.926389 0.642188 0.936806 0.635156 0.936806 0.636328 0.933333 0.632422 0.934028 0.632031 0.935417 0.634375 0.937500 0.630859 0.940972 0.626953 0.940278 0.622266 0.949306 0.619141 0.959722 0.610547 0.972917 0.605859 0.975694 0.602344 0.997222 0.607422 0.994444 0.615625 0.981250 0.626953 0.953472 0.633984 0.946528 0.638281 0.945833 0.642578 0.937500 0.648828 0.931944 0.657422 0.903472 0.661719 0.909028 0.663672 0.909028 0.663672 0.902083 0.668750 0.891667 0.675781 0.890278 0.682813 0.901389 0.683984 0.906250 0.688281 0.906250 0.688281 0.900000 0.686328 0.893056 0.685937 0.872917 0.692578 0.867361 0.693750 0.860417 0.696094 0.855556 0.703125 0.854167 0.706250 0.843056 0.718359 0.835417 0.728516 0.835417 0.732422 0.832639 0.742578 0.809722 0.750781 0.813889 0.751563 0.804861 0.756641 0.795833
0 0.767578 0.768750 0.762500 0.770833 0.758594 0.777083 0.758203 0.780556
0 0.445703 0.737500 0.445312 0.743056 0.448437 0.750000 0.448437 0.754167 0.446875 0.756250 0.445312 0.774306 0.452734 0.789583 0.456250 0.805556 0.463672 0.826389 0.463672 0.847222 0.465234 0.850000 0.465234 0.864583 0.469531 0.875000 0.469531 0.888194 0.471484 0.888194 0.471875 0.872222 0.467578 0.866667 0.467578 0.860417 0.472266 0.850000 0.476172 0.831250 0.471875 0.831250 0.466406 0.827778 0.473438 0.817361 0.471094 0.817361 0.471875 0.812500 0.465234 0.806944 0.462891 0.799306 0.455078 0.787500 0.453125 0.780556 0.452734 0.753472 0.449609 0.747917 0.448047 0.739583
0 0.894141 0.704861 0.889844 0.708333 0.889062 0.718056 0.885156 0.722222 0.885156 0.731944 0.883203 0.736111 0.877734 0.739583 0.877344 0.741667 0.872266 0.741667 0.869531 0.738889 0.866406 0.738889 0.865234 0.740972 0.865234 0.745139 0.866797 0.746528 0.878516 0.747222 0.881250 0.754861 0.885547 0.752083 0.887891 0.755556 0.888672 0.768056 0.883203 0.765972 0.883594 0.782639 0.885547 0.770833 0.889844 0.769444 0.889062 0.756944 0.890234 0.752083 0.885938 0.743056 0.885938 0.738194 0.891406 0.726389
0 0.266406 0.695139 0.268750 0.702778 0.268750 0.708333 0.267188 0.715278 0.264844 0.718750 0.269922 0.724306 0.270703 0.740278 0.279297 0.753472 0.281250 0.761806 0.281641 0.771528 0.283984 0.775000 0.286719 0.784722 0.292578 0.790972 0.299219 0.807639 0.297656 0.797917 0.289062 0.779167 0.285938 0.768056 0.285156 0.744444 0.280078 0.729861 0.277734 0.712500 0.271875 0.702778 0.271484 0.694444
0 0.448047 0.693750 0.447656 0.698611 0.444141 0.708333 0.443750 0.722222 0.441406 0.725694 0.442969 0.740278 0.444922 0.740278 0.444141 0.726389 0.445703 0.724306 0.448437 0.708333
0 0.912109 0.625000 0.913281 0.634028 0.916406 0.633333 0.916016 0.629167
0 0.664844 0.596528 0.660937 0.609722 0.657422 0.615972 0.662891 0.616667 0.668359 0.631250 0.669922 0.645139 0.671094 0.646528 0.671094 0.667361 0.666016 0.683333 0.665234 0.679861 0.661719 0.681250 0.661719 0.691667 0.659766 0.695833 0.659375 0.705556 0.656641 0.715278 0.650781 0.722917 0.658984 0.762500 0.658984 0.768750 0.656250 0.777778 0.657031 0.815972 0.658594 0.813194 0.658594 0.800694 0.661328 0.795139 0.659375 0.786111 0.659375 0.771528 0.663281 0.763194 0.661328 0.754167 0.660156 0.721528 0.662891 0.714583 0.663281 0.697222 0.666016 0.691667 0.667188 0.684028 0.673438 0.681250 0.669531 0.681250 0.669141 0.673611 0.675000 0.657639 0.675000 0.627778 0.671094 0.622917 0.670703 0.610417
0 0.897266 0.579167 0.898828 0.586806 0.898047 0.597222 0.892188 0.596528 0.885547 0.592361 0.886719 0.599306 0.892578 0.602778 0.896484 0.608333 0.896484 0.610417 0.891797 0.619444 0.891797 0.631250 0.892969 0.633333 0.892188 0.655556 0.887500 0.658333 0.884766 0.666667 0.892188 0.677083 0.893750 0.688889 0.893359 0.700694 0.899219 0.706944 0.898828 0.699306 0.895703 0.690972 0.895703 0.670833 0.903516 0.653472 0.912109 0.647222 0.916797 0.647222 0.916797 0.639583 0.914062 0.636111 0.912109 0.640972 0.906641 0.646528 0.904297 0.646528 0.900391 0.656944 0.892969 0.658333 0.895312 0.643750 0.895312 0.625694 0.902734 0.599306 0.907422 0.598611 0.911719 0.602778 0.917188 0.603472 0.916016 0.611111 0.912500 0.617361 0.910547 0.617361 0.910547 0.622222 0.911719 0.623611 0.917969 0.613889 0.919922 0.608333 0.920312 0.602083 0.922266 0.599306 0.917578 0.603472 0.921094 0.595833 0.912891 0.595139 0.910156 0.588889 0.904687 0.587500 0.899609 0.579167
0 0.658203 0.425694 0.657813 0.450694 0.659375 0.454861 0.659766 0.463194 0.660937 0.464583 0.660937 0.484028 0.656641 0.505556 0.656641 0.518750 0.658203 0.531250 0.666406 0.554167 0.666016 0.591667 0.666797 0.600000 0.669141 0.600000 0.668750 0.586111 0.674609 0.577778 0.674609 0.566667 0.669141 0.553472 0.667578 0.538194 0.662109 0.529167 0.659375 0.518056 0.666406 0.486806 0.666016 0.477778 0.663281 0.471528 0.666406 0.457639 0.666406 0.450000 0.659766 0.440278 0.658594 0.436806
0 0.452734 0.398611 0.449609 0.402778 0.447656 0.411806 0.447266 0.439583 0.443750 0.447917 0.444141 0.471528 0.442578 0.474306 0.438672 0.475694 0.438672 0.488889 0.433984 0.493750 0.432812 0.499306 0.434375 0.511111 0.433984 0.520833 0.435156 0.527778 0.438281 0.533333 0.435156 0.549306 0.435937 0.568750 0.434375 0.571528 0.432031 0.585417 0.432031 0.591667 0.433984 0.597917 0.433594 0.613889 0.435937 0.618750 0.435547 0.625000 0.433594 0.627778 0.433594 0.635417 0.435547 0.643056 0.435547 0.650694 0.436328 0.645833 0.438281 0.642361 0.440234 0.646528 0.440234 0.659028 0.445703 0.666667 0.448828 0.675000 0.449219 0.689583 0.453516 0.684028 0.454297 0.680556 0.452734 0.677083 0.452734 0.671528 0.447266 0.662500 0.448437 0.638194 0.443359 0.629167 0.442969 0.634028 0.441406 0.631944 0.441016 0.617361 0.446484 0.602778 0.447266 0.588194 0.450000 0.581944 0.450000 0.575000 0.448828 0.570833 0.445312 0.568750 0.444922 0.561806 0.443750 0.560417 0.443750 0.549306 0.441016 0.543750 0.441406 0.525000 0.442578 0.523611 0.442578 0.506944 0.446875 0.493750 0.445703 0.477778 0.448047 0.471528 0.450000 0.473611 0.450000 0.463889 0.448828 0.461111 0.449609 0.448611 0.452734 0.438889 0.453125 0.427083 0.457031 0.418750 0.456641 0.414583 0.453906 0.410417
0 0.174219 0.390278 0.169141 0.397917 0.172656 0.395833
0 0.651953 0.363194 0.650781 0.367361 0.650391 0.382639 0.648828 0.387500 0.648828 0.404167 0.651563 0.410417 0.655469 0.413889 0.651563 0.406944 0.651563 0.383333 0.652734 0.378472 0.651172 0.370139
0 0.997656 0.429167 0.996875 0.426389 0.993750 0.426389 0.989844 0.433333 0.990625 0.439583 0.984375 0.450694 0.977734 0.451389 0.960938 0.461111 0.955469 0.458333 0.952344 0.451389 0.951953 0.443750 0.948828 0.440972 0.943359 0.440972 0.934375 0.431944 0.929688 0.431944 0.926172 0.426389 0.917969 0.423611 0.912891 0.419444 0.907031 0.419444 0.910547 0.420833 0.912891 0.425000 0.902734 0.420139 0.905469 0.418750 0.899219 0.410417 0.896875 0.395833 0.895703 0.395833 0.895703 0.404167 0.900000 0.416667 0.888672 0.415972 0.882812 0.413194 0.882031 0.404167 0.885156 0.391667 0.884375 0.388889 0.890234 0.388889 0.886328 0.390972 0.895703 0.393056 0.895703 0.389583 0.897266 0.386806 0.901953 0.388889 0.909766 0.387500 0.915234 0.395833 0.915625 0.400000 0.919141 0.400000 0.922266 0.388194 0.926562 0.379861 0.933203 0.379167 0.938672 0.371528 0.946875 0.373611 0.947656 0.365972 0.953125 0.365972 0.953125 0.361806 0.951562 0.359028 0.946875 0.355556 0.940625 0.354167 0.938672 0.356250 0.937891 0.360417 0.933984 0.363194 0.928516 0.371528 0.916016 0.375694 0.913281 0.379167 0.905078 0.379861 0.893750 0.375694 0.888672 0.383333 0.877734 0.380556 0.877344 0.388889 0.882031 0.395833 0.882422 0.402083 0.875000 0.413194 0.868359 0.413889 0.866016 0.416667 0.858203 0.416667 0.852344 0.408333 0.845313 0.408333 0.837891 0.404167 0.823828 0.404167 0.819531 0.397917 0.817969 0.392361 0.809766 0.392361 0.807031 0.390278 0.787891 0.359722 0.787891 0.348611 0.790234 0.343056 0.790234 0.337500 0.786328 0.333333 0.783203 0.324306 0.773828 0.322222 0.762891 0.309028 0.757422 0.309028 0.748047 0.316667 0.743750 0.314583 0.730469 0.313889 0.722656 0.320139 0.716016 0.320139 0.707812 0.304167 0.697266 0.304167 0.692969 0.298611 0.689063 0.298611 0.687500 0.296528 0.674609 0.298611 0.670312 0.295833 0.667969 0.300694 0.663672 0.304167 0.641016 0.306250 0.636719 0.303472 0.630859 0.295833 0.628125 0.295833 0.627734 0.293750 0.619922 0.294444 0.610938 0.299306 0.605078 0.299306 0.602344 0.297222 0.596484 0.284028 0.591016 0.276389 0.588672 0.275694 0.587109 0.278472 0.587109 0.288889 0.585156 0.297917 0.579688 0.304167 0.568750 0.304167 0.567187 0.302083 0.560547 0.301389 0.542578 0.282639 0.532422 0.284028 0.526563 0.290278 0.524609 0.290278 0.521484 0.282639 0.519922 0.282639 0.517578 0.286806 0.517578 0.292361 0.516406 0.294444 0.508594 0.297222 0.501563 0.296528 0.500391 0.300000 0.498437 0.296528 0.494141 0.299306 0.489844 0.309028 0.483984 0.313889 0.457422 0.311806 0.454297 0.314583 0.446875 0.315278 0.444531 0.312500 0.436719 0.312500 0.434375 0.313889 0.434375 0.316667 0.432031 0.319444 0.427734 0.319444 0.425391 0.317361 0.425781 0.311111 0.410938 0.336806 0.387891 0.337500 0.385156 0.341667 0.378125 0.340278 0.369531 0.333333 0.356250 0.330556 0.351953 0.325694 0.346094 0.327083 0.339453 0.321528 0.334375 0.313194 0.329688 0.311111 0.325391 0.311111 0.325391 0.315972 0.328906 0.315972 0.331641 0.320139 0.331641 0.325000 0.329688 0.327778 0.322656 0.328472 0.320703 0.330556 0.302734 0.329861 0.299219 0.319444 0.296484 0.316667 0.288672 0.318056 0.287109 0.315278 0.275000 0.314583 0.272656 0.310417 0.272656 0.302083 0.268750 0.302083 0.258203 0.307639 0.255078 0.311111 0.252734 0.316667 0.252734 0.320139 0.246484 0.327778 0.242969 0.327778 0.238281 0.332639 0.229687 0.332639 0.223047 0.328472 0.216797 0.328472 0.203516 0.314583 0.200000 0.314583 0.192578 0.322222 0.178906 0.325694 0.169531 0.337500 0.150781 0.337500 0.150781 0.341667 0.151562 0.338194 0.152344 0.340972 0.148828 0.359722 0.141797 0.368750 0.137891 0.369444 0.129297 0.381944 0.128906 0.386111 0.126562 0.390278 0.119141 0.390278 0.114062 0.395833 0.102344 0.393750 0.069922 0.395139 0.071094 0.377083 0.069531 0.377083 0.066406 0.381944 0.064844 0.393056 0.057422 0.405556 0.044531 0.409722 0.041016 0.413194 0.036328 0.422917 0.023438 0.431944 0.013281 0.431944 0.007812 0.438194 0.003125 0.438194 0.000391 0.440972 0.000391 0.448611 0.002344 0.455556 0.006250 0.459028 0.006250 0.463194 0.019141 0.481944 0.037500 0.481250 0.039844 0.485417 0.046875 0.487500 0.052344 0.501389 0.052344 0.504861 0.049609 0.507639 0.041797 0.508333 0.039453 0.513194 0.033203 0.519444 0.027344 0.520139 0.023438 0.525694 0.020313 0.519444 0.017578 0.516667 0.012891 0.516667 0.009766 0.511111 0.002344 0.517361 0.005859 0.518056 0.006641 0.520833 0.012891 0.526389 0.023438 0.547917 0.027344 0.561806 0.028125 0.547222 0.032422 0.541667 0.032422 0.537500 0.028516 0.533333 0.028125 0.529861 0.039062 0.530556 0.040625 0.533333 0.042969 0.533333 0.048047 0.523611 0.052344 0.523611 0.052734 0.515972 0.053906 0.514583 0.068750 0.514583 0.072656 0.509722 0.077734 0.506944 0.086719 0.505556 0.087891 0.502778 0.098047 0.494444 0.107813 0.494444 0.114062 0.504861 0.125000 0.500000 0.128516 0.505556 0.131641 0.497917 0.136328 0.497917 0.138672 0.501389 0.146875 0.502778 0.149219 0.500694 0.151172 0.495139 0.150391 0.492361 0.146484 0.492361 0.144531 0.500000 0.141016 0.495139 0.135156 0.495139 0.130078 0.489583 0.130078 0.495833 0.128516 0.497917 0.123047 0.497222 0.117578 0.487500 0.115234 0.486111 0.114453 0.467361 0.124609 0.450694 0.129688 0.450694 0.134375 0.440972 0.139844 0.438889 0.143750 0.431250 0.150000 0.431250 0.154688 0.413889 0.167969 0.398611 0.160156 0.395139 0.153906 0.404861 0.151172 0.412500 0.139453 0.417361 0.136328 0.430556 0.132031 0.434722 0.126172 0.435417 0.122266 0.444444 0.122266 0.438194 0.119531 0.430556 0.121875 0.413889 0.121875 0.402778 0.142578 0.378472 0.148047 0.370139 0.148828 0.365972 0.160547 0.365972 0.159375 0.349306 0.162109 0.344444 0.173828 0.348611 0.174609 0.338194 0.187109 0.326389 0.200000 0.326389 0.204687 0.330556 0.215625 0.352083 0.215234 0.353472 0.205859 0.355556 0.200391 0.352083 0.194922 0.352083 0.191406 0.356944 0.180469 0.356944 0.175391 0.350694 0.175391 0.354167 0.178906 0.359722 0.179688 0.366667 0.175000 0.369444 0.171875 0.377083 0.158984 0.375694 0.152344 0.367361 0.149609 0.367361 0.149219 0.370833 0.159375 0.391667 0.162500 0.392361 0.162500 0.387500 0.160156 0.384028 0.160547 0.379167 0.172266 0.381250 0.175781 0.388889 0.183984 0.388889 0.188672 0.381250 0.191016 0.373611 0.194141 0.370833 0.202344 0.370833 0.205078 0.376389 0.205469 0.388889 0.208203 0.393750 0.204687 0.400694 0.204687 0.403472 0.207031 0.406944 0.207031 0.410417 0.208984 0.412500 0.211328 0.427778 0.211328 0.452083 0.214453 0.467361 0.216797 0.472917 0.215625 0.494444 0.217188 0.501389 0.219531 0.504861 0.219531 0.515972 0.220312 0.518056 0.222656 0.517361 0.224609 0.521528 0.224609 0.531944 0.228516 0.553472 0.228125 0.559028 0.224609 0.563889 0.225391 0.575000 0.228906 0.586111 0.239844 0.599306 0.250000 0.620833 0.252344 0.636111 0.252344 0.650694 0.253906 0.658333 0.258594 0.668056 0.259375 0.684028 0.267969 0.693750 0.267578 0.688889 0.264062 0.682639 0.264062 0.675000 0.260937 0.669444 0.257422 0.652083 0.256641 0.600694 0.255078 0.597917 0.252734 0.597917 0.251172 0.602778 0.248828 0.602778 0.239063 0.586111 0.235547 0.583333 0.230859 0.572917 0.228516 0.534722 0.225781 0.528472 0.228125 0.515278 0.220703 0.500694 0.219141 0.494444 0.219141 0.488194 0.221875 0.483333 0.221875 0.472917 0.219141 0.467361 0.219141 0.460417 0.221875 0.453472 0.217969 0.443056 0.216016 0.427778 0.210938 0.411111 0.211328 0.406944 0.214062 0.404167 0.213672 0.394444 0.213281 0.398611 0.210547 0.391667 0.210547 0.376389 0.208984 0.370833 0.208984 0.365278 0.210547 0.360417 0.214062 0.357639 0.215625 0.352778 0.232422 0.352778 0.234766 0.348611 0.241016 0.348611 0.251172 0.335417 0.257422 0.337500 0.298438 0.338194 0.304688 0.342361 0.317188 0.345833 0.319922 0.348611 0.325000 0.348611 0.334375 0.337500 0.337500 0.337500 0.341406 0.343750 0.352344 0.353472 0.358203 0.353472 0.362500 0.350000 0.365234 0.350000 0.367188 0.352778 0.375000 0.351389 0.381641 0.360417 0.385547 0.352778 0.391016 0.353472 0.396094 0.363889 0.398047 0.363889 0.403125 0.353472 0.407422 0.353472 0.407813 0.356250 0.409766 0.356250 0.410547 0.351389 0.413281 0.347917 0.419922 0.347222 0.421484 0.350000 0.432422 0.350000 0.435937 0.345139 0.441406 0.344444 0.446484 0.350694 0.446875 0.358333 0.443359 0.363194 0.441016 0.372222 0.448437 0.384028 0.453125 0.395139 0.456250 0.386806 0.458203 0.375694 0.460547 0.373611 0.466797 0.373611 0.476172 0.363889 0.489063 0.368750 0.494531 0.363194 0.495312 0.359028 0.497656 0.357639 0.498437 0.352083 0.505078 0.361111 0.506250 0.370833 0.517969 0.376389 0.521094 0.374306 0.521484 0.363889 0.519922 0.350694 0.514453 0.341667 0.510547 0.324306 0.503125 0.317361 0.499609 0.316667 0.505859 0.309028 0.508203 0.300694 0.511328 0.298611 0.533984 0.298611 0.539453 0.302083 0.542188 0.311111 0.546875 0.306250 0.554688 0.305556 0.559766 0.311806 0.569531 0.312500 0.574609 0.315972 0.585156 0.315972 0.589453 0.310417 0.595313 0.310417 0.602344 0.315972 0.607422 0.313194 0.609766 0.309028 0.614062 0.309028 0.620703 0.312500 0.625000 0.321528 0.634766 0.321528 0.649219 0.334028 0.653125 0.334028 0.655469 0.337500 0.655078 0.345139 0.656250 0.339583 0.664062 0.342361 0.667188 0.338194 0.674609 0.338194 0.676172 0.336806 0.676172 0.329167 0.679688 0.323611 0.706641 0.324306 0.708203 0.326389 0.727734 0.329167 0.738672 0.339583 0.738672 0.351389 0.739844 0.354861 0.745313 0.356250 0.756641 0.371528 0.762109 0.371528 0.774219 0.364583 0.776172 0.365278 0.781641 0.373611 0.781641 0.381250 0.782813 0.384722 0.793359 0.384028 0.798047 0.386806 0.804688 0.398611 0.806250 0.405556 0.812500 0.413194 0.816016 0.415278 0.818750 0.413889 0.820312 0.416667 0.830078 0.416667 0.838281 0.421528 0.833984 0.431944 0.833984 0.435417 0.841406 0.444444 0.851172 0.444444 0.851172 0.434028 0.852344 0.429167 0.854297 0.427083 0.857031 0.428472 0.860156 0.423611 0.869141 0.427778 0.871094 0.423611 0.879297 0.425694 0.887109 0.423611 0.894531 0.429861 0.903125 0.429861 0.907422 0.440972 0.913281 0.444444 0.919531 0.451389 0.929297 0.456250 0.935937 0.470139 0.951172 0.484722 0.951953 0.488194 0.950000 0.494444 0.947266 0.494444 0.946094 0.496528 0.947266 0.515972 0.945312 0.518750 0.940234 0.515972 0.940234 0.527083 0.944922 0.536806 0.944531 0.552083 0.943359 0.556250 0.940625 0.559028 0.937109 0.570139 0.924219 0.589583 0.922656 0.597222 0.935547 0.596528 0.939844 0.590972 0.940234 0.575000 0.948438 0.559722 0.949219 0.543056 0.955859 0.527778 0.960938 0.502778 0.966406 0.499306 0.969922 0.489583 0.975781 0.482639 0.986719 0.480556 0.989844 0.475694 0.989844 0.465278 0.991797 0.462500 0.991797 0.446528 0.997656 0.460417
