0 0.785547 0.940972 0.791797 0.956944 0.795703 0.958333 0.799219 0.963194 0.803906 0.963194 0.803516 0.959722 0.800781 0.956250 0.795703 0.954167 0.792188 0.945139
0 0.778906 0.927778 0.784375 0.930556 0.788672 0.936806 0.799609 0.942361 0.801562 0.945833 0.803906 0.945139 0.801562 0.938889 0.794141 0.936806 0.784375 0.926389
0 0.380469 0.900694 0.380469 0.904861 0.384375 0.908333 0.382812 0.902778
0 0.366797 0.897222 0.366406 0.903472 0.373437 0.917361 0.373047 0.924306 0.368750 0.927083 0.373047 0.931944 0.376563 0.939583 0.379297 0.957639 0.382031 0.963194 0.383203 0.973611 0.387891 0.981250 0.390625 0.990972 0.395313 0.995139 0.397656 0.993750 0.401562 0.996528 0.397656 0.981250 0.394531 0.956250 0.387500 0.928472 0.385156 0.911806 0.383203 0.938889 0.386328 0.953472 0.391016 0.962500 0.388672 0.963194 0.380078 0.936111 0.376953 0.916667 0.373828 0.911806 0.373437 0.899306 0.370703 0.895139
0 0.772266 0.802083 0.771094 0.804861 0.771094 0.811806 0.777344 0.825000 0.784375 0.829861 0.785937 0.828472 0.785937 0.825000 0.783984 0.821528 0.779687 0.820833 0.774609 0.813194 0.775781 0.810417 0.778516 0.810417 0.783594 0.815972 0.792578 0.831944 0.798047 0.835417 0.800781 0.843056 0.800781 0.845833 0.795703 0.856250 0.794922 0.863194 0.798047 0.876389 0.796484 0.888889 0.799609 0.897222 0.797266 0.906944 0.806250 0.911806 0.806641 0.925000 0.804688 0.925694 0.802344 0.930556 0.806250 0.929167 0.809375 0.935417 0.806641 0.945139 0.806641 0.954167 0.804297 0.967361 0.804688 0.975000 0.808594 0.978472 0.813281 0.990278 0.818750 0.987500 0.822266 0.998611 0.832422 0.999306 0.832812 0.996528 0.827734 0.992361 0.823438 0.983333 0.819141 0.970139 0.818359 0.961111 0.815234 0.958333 0.813281 0.950000 0.810937 0.946528 0.812500 0.933333 0.811719 0.916667 0.808203 0.901389 0.804297 0.895139 0.801172 0.880556 0.802344 0.835417 0.795312 0.825000 0.793750 0.816667 0.783984 0.802778 0.781250 0.800694
0 0.747656 0.645139 0.747656 0.669444 0.749219 0.670139 0.750391 0.666667 0.751563 0.667361 0.750391 0.648611
0 0.754297 0.641667 0.752734 0.657639 0.757422 0.690972 0.759766 0.696528 0.759766 0.687500 0.760547 0.688194 0.758594 0.665278 0.762109 0.666667 0.765625 0.684028 0.767578 0.688889 0.769922 0.690278 0.769531 0.684722 0.762891 0.661806 0.759375 0.661806 0.757812 0.664583 0.755859 0.643750
0 0.924609 0.511806 0.924609 0.515278 0.941016 0.525000 0.948828 0.531250 0.948047 0.527778 0.954297 0.519444 0.958984 0.522222 0.961719 0.521528 0.958984 0.521528 0.957812 0.518056 0.953125 0.516667 0.947656 0.527778 0.944141 0.522917 0.936328 0.520833 0.925781 0.510417
0 0.894531 0.510417 0.901953 0.509722 0.903516 0.513194 0.906250 0.513194 0.918359 0.530556 0.923047 0.530556 0.931641 0.526389 0.930859 0.522917 0.923828 0.522917 0.923047 0.520833 0.919531 0.520139 0.917188 0.511806 0.912500 0.507639 0.906250 0.509028 0.903516 0.504861 0.901172 0.504861
0 0.999219 0.525000 0.995313 0.513194 0.989844 0.509722 0.995703 0.509722 0.992969 0.504861 0.997656 0.500000 0.994141 0.499306 0.986328 0.508333 0.977734 0.509028 0.974219 0.506250 0.970313 0.506250 0.971875 0.509722 0.979297 0.515278 0.975000 0.519444 0.978906 0.518056 0.980859 0.514583 0.992578 0.515278 0.996875 0.525000
0 0.863281 0.501389 0.863672 0.503472 0.867969 0.500694 0.873828 0.502083 0.886719 0.511111 0.880859 0.503472 0.882422 0.502083 0.882031 0.499306 0.877734 0.500694 0.874609 0.496528 0.868359 0.496528
0 0.834766 0.503472 0.836719 0.505556 0.839844 0.502778 0.850781 0.502083 0.856641 0.506250 0.862109 0.506250 0.861328 0.503472 0.857031 0.504167 0.853906 0.500000 0.844141 0.496528
0 0.857422 0.479861 0.858203 0.483333 0.863281 0.484722 0.875391 0.477083 0.883594 0.486806 0.887500 0.496528 0.892578 0.500694 0.894531 0.500000 0.894141 0.493750 0.888672 0.488889 0.883203 0.477778 0.877344 0.473611 0.872266 0.473611 0.866797 0.479861
0 0.732422 0.452778 0.730859 0.454861 0.732031 0.464583 0.730078 0.467361 0.734375 0.471528 0.738281 0.486806 0.741797 0.494444 0.739062 0.509722 0.748828 0.523611 0.748437 0.545833 0.745703 0.547222 0.745703 0.550694 0.747266 0.554861 0.748437 0.570139 0.753125 0.577083 0.754297 0.581944 0.753516 0.588194 0.755859 0.594444 0.755859 0.601389 0.753906 0.608333 0.754297 0.631250 0.755469 0.636111 0.756641 0.636111 0.756250 0.605556 0.757422 0.600694 0.757422 0.579167 0.756250 0.573611 0.751953 0.566667 0.751563 0.542361 0.753125 0.531250 0.751172 0.528472 0.750391 0.516667 0.744531 0.508333 0.745703 0.497222 0.744922 0.490972 0.741797 0.486806 0.737109 0.475000 0.737109 0.469444 0.739844 0.463889 0.739844 0.459722 0.733984 0.461806 0.732812 0.455556 0.734375 0.452778
0 0.728516 0.379167 0.729297 0.381944 0.733203 0.381250 0.736328 0.391667 0.740625 0.390972 0.742969 0.395139 0.749219 0.398611 0.749219 0.395833 0.746484 0.391667 0.746484 0.387500 0.743359 0.384028 0.742188 0.376389 0.730469 0.375000
0 0.999219 0.385417 0.997266 0.377778 0.988672 0.379861 0.981250 0.377083 0.967578 0.381944 0.964844 0.378472 0.962891 0.372222 0.955859 0.370833 0.951953 0.366667 0.941406 0.365972 0.937891 0.368056 0.935937 0.372917 0.935547 0.370833 0.925781 0.384722 0.922656 0.387500 0.917969 0.387500 0.915234 0.385417 0.916797 0.381944 0.913672 0.375694 0.897656 0.374306 0.893359 0.366667 0.891016 0.365278 0.888672 0.369444 0.888281 0.376389 0.886719 0.379861 0.877734 0.384722 0.876172 0.390278 0.873437 0.390278 0.867188 0.384722 0.848828 0.400000 0.833594 0.400000 0.828906 0.395139 0.807422 0.395139 0.800000 0.400694 0.787891 0.398611 0.776172 0.388194 0.770312 0.388194 0.766797 0.390972 0.756250 0.390278 0.753516 0.393750 0.758203 0.391667 0.761719 0.395139 0.765234 0.395139 0.767188 0.403472 0.772266 0.408333 0.773047 0.414583 0.777734 0.415972 0.780078 0.410417 0.786328 0.409722 0.786328 0.404167 0.795312 0.406944 0.804688 0.406944 0.809375 0.397222 0.831250 0.406944 0.833984 0.406944 0.836328 0.404167 0.839453 0.407639 0.864453 0.401389 0.869922 0.395833 0.879687 0.397222 0.883984 0.400694 0.889844 0.389583 0.904297 0.390278 0.907813 0.386806 0.913672 0.386806 0.918359 0.393056 0.927734 0.390972 0.932813 0.379861 0.940234 0.372222 0.948438 0.372917 0.951562 0.379861 0.959766 0.386806 0.981641 0.386806 0.988281 0.393056 0.994922 0.394444 0.999219 0.400694
0 0.000391 0.271528 0.001563 0.276389 0.012891 0.283333 0.014844 0.289583 0.021484 0.287500 0.021484 0.282639 0.013281 0.267361 0.005469 0.267361
0 0.073438 0.183333 0.073828 0.191667 0.075781 0.196528 0.078125 0.197917 0.078906 0.185417
0 0.998437 0.133333 0.987109 0.138194 0.978906 0.150000 0.971094 0.155556 0.968359 0.160417 0.953906 0.168056 0.946094 0.181250 0.939844 0.181944 0.935156 0.185417 0.927344 0.183333 0.933203 0.192361 0.939063 0.195139 0.939453 0.202083 0.932813 0.215278 0.930469 0.215278 0.927734 0.211806 0.929297 0.218750 0.922266 0.233333 0.921875 0.245833 0.911719 0.268056 0.907031 0.286806 0.901953 0.295833 0.896875 0.298611 0.893359 0.308333 0.885156 0.318750 0.884375 0.325000 0.880859 0.325694 0.873828 0.343056 0.872656 0.352083 0.867969 0.359028 0.869922 0.370833 0.875781 0.347917 0.876563 0.339583 0.878516 0.335417 0.895312 0.331250 0.895312 0.326389 0.890234 0.325000 0.892969 0.318750 0.896484 0.302778 0.897656 0.300694 0.905859 0.299306 0.908984 0.295139 0.914844 0.270139 0.919922 0.261111 0.930469 0.247917 0.939453 0.211806 0.948438 0.204861 0.948047 0.188194 0.950000 0.181944 0.957031 0.176389 0.960938 0.175694 0.958594 0.171528 0.961719 0.168056 0.971875 0.165972 0.980078 0.156944 0.983203 0.150000 0.997656 0.139583
0 0.606641 0.024306 0.603516 0.020139 0.591016 0.021528 0.589063 0.027083 0.589063 0.031944 0.594141 0.029167 0.593750 0.025000 0.595313 0.025694 0.595703 0.029861 0.597656 0.030556 0.600391 0.023611 0.602734 0.022917 0.605078 0.026389
0 0.533984 0.017361 0.529297 0.018056 0.524219 0.027083 0.524219 0.031250 0.527344 0.042361 0.526563 0.027083
0 0.611719 0.016667 0.616406 0.030556 0.623437 0.036111 0.626563 0.035417 0.631250 0.025694 0.630859 0.024306 0.625391 0.031944 0.623828 0.031944
0 0.535937 0.016667 0.535937 0.018750 0.539453 0.017361 0.539844 0.021528 0.544531 0.016667 0.546875 0.018750 0.551953 0.016667 0.559766 0.018056 0.567187 0.023611 0.569922 0.022917 0.573828 0.027778 0.575000 0.036111 0.576562 0.038889 0.574219 0.050694 0.575000 0.056944 0.579297 0.043056 0.576953 0.034028 0.580859 0.027083 0.584766 0.030556 0.584375 0.027083 0.585938 0.026389 0.585938 0.023611 0.583984 0.022917 0.579688 0.025000 0.578516 0.027778 0.569922 0.020139 0.548438 0.012500 0.542969 0.015972
0 0.665234 0.000000 0.652734 0.005556 0.648828 0.016667 0.646094 0.016667 0.644531 0.019444 0.635547 0.018056 0.634375 0.020833 0.650000 0.019444 0.650781 0.011111 0.652344 0.007639 0.662109 0.004167
0 0.000000 0.252778 0.000781 0.261806 0.007031 0.259028 0.015625 0.259028 0.017188 0.260417 0.016797 0.262500 0.021094 0.262500 0.024609 0.276389 0.030078 0.280556 0.033203 0.273611 0.039062 0.268056 0.056641 0.268056 0.066797 0.273611 0.071875 0.265278 0.080469 0.262500 0.080859 0.259722 0.083984 0.258333 0.087109 0.268056 0.087500 0.275694 0.099609 0.295139 0.100000 0.300000 0.105859 0.318750 0.111719 0.325000 0.115234 0.332639 0.122656 0.339583 0.122266 0.343056 0.121484 0.340972 0.124609 0.354167 0.125000 0.361806 0.127344 0.367361 0.122266 0.377083 0.126172 0.386806 0.126172 0.391667 0.128906 0.394444 0.128516 0.403472 0.139063 0.413194 0.139063 0.424306 0.150781 0.425000 0.148047 0.438194 0.149219 0.450000 0.148828 0.466667 0.146875 0.470139 0.146875 0.474306 0.150000 0.482639 0.150391 0.493056 0.146094 0.506250 0.146094 0.513194 0.148438 0.520833 0.149219 0.536806 0.151172 0.540972 0.151172 0.546528 0.149609 0.550694 0.151562 0.554167 0.152344 0.563194 0.155078 0.567361 0.157031 0.577083 0.154297 0.577778 0.154297 0.580556 0.158594 0.593056 0.162500 0.599306 0.162500 0.603472 0.165234 0.606944 0.166797 0.613889 0.166016 0.621528 0.171484 0.633333 0.171484 0.665972 0.175000 0.670139 0.177344 0.683333 0.176953 0.690278 0.179688 0.694444 0.180078 0.710417 0.178906 0.713889 0.176563 0.714583 0.176563 0.716667 0.180078 0.723611 0.178906 0.731944 0.180078 0.740972 0.182031 0.745139 0.181641 0.749306 0.190234 0.759722 0.189844 0.773611 0.196484 0.784722 0.205859 0.795139 0.205469 0.801389 0.209375 0.811111 0.210938 0.839583 0.210156 0.854861 0.216406 0.865278 0.216406 0.870833 0.214844 0.872917 0.215234 0.884028 0.214062 0.886111 0.216016 0.905556 0.218359 0.909722 0.223828 0.910417 0.224609 0.908333 0.226172 0.911806 0.225000 0.912500 0.230078 0.920139 0.235937 0.922222 0.237891 0.926389 0.242578 0.929167 0.243359 0.935417 0.240234 0.940278 0.241406 0.940972 0.234766 0.941667 0.233203 0.945833 0.233203 0.950000 0.236328 0.955556 0.235937 0.961806 0.233203 0.963889 0.229687 0.956944 0.227344 0.956944 0.232813 0.968750 0.234375 0.997917 0.235937 0.995139 0.237109 0.985417 0.236719 0.961111 0.241797 0.956250 0.242188 0.947917 0.246484 0.946528 0.247656 0.943056 0.254688 0.961111 0.263281 0.959722 0.266797 0.961806 0.278516 0.986111 0.284766 0.995833 0.281641 0.997917 0.307422 0.999306 0.307422 0.997222 0.297656 0.984722 0.293750 0.982639 0.292578 0.978472 0.289453 0.975694 0.273047 0.947917 0.262891 0.944444 0.255859 0.938889 0.253906 0.928472 0.246875 0.917361 0.233203 0.904861 0.232031 0.896528 0.222656 0.893056 0.220312 0.873611 0.221094 0.850000 0.217578 0.838194 0.217188 0.829167 0.214844 0.818056 0.214844 0.804861 0.212109 0.794444 0.209766 0.791667 0.209375 0.783333 0.203906 0.757639 0.192578 0.738889 0.188672 0.735417 0.185156 0.722222 0.185547 0.688194 0.184375 0.683333 0.181641 0.680556 0.182422 0.656250 0.176563 0.635417 0.177344 0.620833 0.169141 0.592361 0.166406 0.588194 0.166797 0.569444 0.165234 0.554861 0.162500 0.547222 0.159766 0.529167 0.154297 0.507639 0.153906 0.490972 0.155078 0.483333 0.155469 0.459722 0.161328 0.435417 0.165234 0.438194 0.173828 0.435417 0.183203 0.440972 0.185547 0.444444 0.194531 0.446528 0.194141 0.443056 0.189844 0.440972 0.185547 0.435417 0.176172 0.431944 0.166016 0.432639 0.162500 0.430556 0.168359 0.417361 0.175781 0.408333 0.180859 0.408333 0.182422 0.411806 0.191406 0.413194 0.190625 0.416667 0.191797 0.414583 0.194141 0.418056 0.192578 0.424306 0.185547 0.425000 0.185547 0.429167 0.187500 0.433333 0.192188 0.432639 0.196094 0.438194 0.201953 0.440972 0.206250 0.440278 0.208594 0.437500 0.225000 0.440278 0.232813 0.452778 0.233984 0.461806 0.236719 0.468750 0.240625 0.470139 0.243750 0.477778 0.250000 0.484028 0.258594 0.484722 0.263281 0.490972 0.268359 0.488889 0.270703 0.493750 0.278516 0.499306 0.282031 0.499306 0.288281 0.492361 0.290625 0.492361 0.293359 0.496528 0.296094 0.485417 0.298828 0.482639 0.310156 0.484722 0.310937 0.486806 0.318750 0.486111 0.323828 0.495833 0.328906 0.495139 0.334375 0.500000 0.339844 0.500000 0.343359 0.504167 0.358594 0.508333 0.359766 0.513194 0.352734 0.516667 0.351562 0.520833 0.357812 0.520833 0.360547 0.526389 0.367578 0.525694 0.370703 0.531250 0.379688 0.530556 0.381641 0.528472 0.383203 0.530556 0.384375 0.538194 0.386719 0.541667 0.385156 0.543056 0.386719 0.543750 0.386328 0.545833 0.390234 0.553472 0.389453 0.557639 0.387109 0.558333 0.389844 0.566667 0.387891 0.577083 0.392969 0.596528 0.392578 0.612500 0.394922 0.615972 0.392969 0.623611 0.388281 0.628472 0.390234 0.636111 0.394141 0.641667 0.394141 0.657639 0.392969 0.661806 0.386719 0.668750 0.387500 0.708333 0.386328 0.718056 0.381641 0.732639 0.381641 0.768056 0.385156 0.774306 0.385937 0.781944 0.382812 0.789583 0.382422 0.795833 0.376953 0.803472 0.378906 0.815972 0.382422 0.822917 0.382422 0.834028 0.380859 0.842361 0.373437 0.854861 0.373437 0.869444 0.376953 0.880556 0.375391 0.881250 0.376953 0.884722 0.377734 0.883333 0.377344 0.893056 0.378516 0.895833 0.380469 0.895139 0.381641 0.888194 0.381641 0.870833 0.379297 0.863889 0.379688 0.855556 0.384375 0.847917 0.386328 0.837500 0.389062 0.834722 0.391406 0.828472 0.390234 0.815278 0.387500 0.806250 0.387500 0.795833 0.394141 0.778472 0.392578 0.756944 0.391016 0.754167 0.391797 0.719444 0.395703 0.704167 0.395703 0.688889 0.393359 0.670139 0.396484 0.659028 0.401172 0.651389 0.401562 0.631944 0.397266 0.617361 0.398047 0.608333 0.396484 0.604167 0.396875 0.573611 0.398047 0.568056 0.401562 0.568056 0.405078 0.559722 0.410938 0.558333 0.413672 0.555556 0.418750 0.557639 0.434375 0.556944 0.437109 0.560417 0.441016 0.560417 0.444922 0.556944 0.451562 0.559028 0.455469 0.563194 0.462500 0.564583 0.465625 0.569444 0.482422 0.563889 0.487500 0.570833 0.485938 0.576389 0.490625 0.581250 0.490625 0.584722 0.493750 0.588194 0.494531 0.594444 0.504297 0.609028 0.509375 0.611111 0.510938 0.618056 0.518750 0.621528 0.522266 0.627778 0.523438 0.638194 0.526953 0.639583 0.529297 0.643750 0.529687 0.642361 0.534375 0.645139 0.534766 0.647917 0.540234 0.650000 0.550781 0.679861 0.556250 0.681944 0.558984 0.673611 0.562891 0.682639 0.567578 0.684722 0.571094 0.693056 0.578125 0.688889 0.584766 0.690972 0.589844 0.688889 0.594922 0.690972 0.595313 0.688194 0.596875 0.690972 0.604297 0.688889 0.616406 0.692361 0.621875 0.701389 0.631641 0.700694 0.647656 0.713194 0.648047 0.717361 0.646484 0.718056 0.646484 0.721528 0.647656 0.722222 0.651172 0.718056 0.659766 0.719444 0.664453 0.711111 0.667188 0.711111 0.673047 0.720833 0.678906 0.720833 0.680469 0.726389 0.687891 0.726389 0.691797 0.731944 0.697266 0.731944 0.699219 0.737500 0.703125 0.737500 0.705859 0.742361 0.712500 0.743750 0.713672 0.737500 0.717578 0.737500 0.726953 0.742361 0.731250 0.748611 0.735938 0.749306 0.737891 0.752083 0.742188 0.745833 0.747266 0.745833 0.750391 0.743056 0.751953 0.738889 0.754687 0.737500 0.758984 0.730556 0.762109 0.729167 0.763672 0.736111 0.767578 0.742361 0.768359 0.754861 0.775000 0.766667 0.775391 0.770833 0.783203 0.787500 0.782031 0.794444 0.783203 0.798611 0.785156 0.797222 0.785937 0.781944 0.791406 0.779167 0.793750 0.775694 0.793750 0.772222 0.785937 0.769444 0.781250 0.758333 0.772266 0.753472 0.772266 0.738889 0.769531 0.736111 0.767188 0.722917 0.763672 0.714583 0.754297 0.715278 0.750781 0.718750 0.744141 0.731944 0.741797 0.706250 0.737109 0.698611 0.730078 0.700000 0.716016 0.697917 0.713281 0.702083 0.711719 0.711806 0.714063 0.711111 0.716797 0.704861 0.728906 0.704861 0.733203 0.706250 0.737500 0.716667 0.739062 0.734028 0.724609 0.734722 0.719141 0.733333 0.714063 0.727778 0.707031 0.711111 0.703906 0.711111 0.700391 0.717361 0.693750 0.716667 0.683594 0.711806 0.681250 0.709028 0.679688 0.698611 0.676562 0.694444 0.669531 0.694444 0.661719 0.709028 0.654297 0.710417 0.649609 0.709028 0.647656 0.703472 0.642188 0.697917 0.634375 0.694444 0.625781 0.694444 0.612500 0.684722 0.593359 0.684722 0.581641 0.674306 0.576562 0.675694 0.565625 0.669444 0.553516 0.668750 0.542969 0.642361 0.536328 0.641667 0.533203 0.634722 0.528906 0.631250 0.526953 0.619444 0.512109 0.599306 0.512109 0.590278 0.510156 0.586806 0.506250 0.585417 0.501953 0.575000 0.497266 0.572917 0.491016 0.565278 0.486719 0.552083 0.481641 0.550694 0.489844 0.543056 0.493359 0.536806 0.493359 0.525000 0.492188 0.519444 0.492969 0.509722 0.500391 0.504167 0.507422 0.516667 0.507422 0.521528 0.508984 0.520833 0.508984 0.513194 0.505859 0.505556 0.501953 0.502083 0.494531 0.502083 0.494141 0.500000 0.502734 0.493750 0.507812 0.487500 0.507422 0.482639 0.505078 0.478472 0.507031 0.470139 0.510547 0.467361 0.517188 0.470139 0.520312 0.465278 0.524609 0.464583 0.528125 0.441667 0.529687 0.440972 0.532422 0.445833 0.530859 0.437500 0.532031 0.433333 0.535547 0.429167 0.547656 0.432639 0.548438 0.429167 0.554297 0.430556 0.564844 0.422917 0.576172 0.422222 0.574219 0.420139 0.574219 0.417361 0.577344 0.410417 0.593750 0.402083 0.596094 0.399306 0.599609 0.388889 0.610547 0.374306 0.613281 0.375694 0.611328 0.377083 0.615625 0.381250 0.618750 0.387500 0.630078 0.387500 0.633203 0.393750 0.634766 0.401389 0.650000 0.399306 0.652734 0.409722 0.658594 0.409028 0.662891 0.421528 0.669141 0.414583 0.674219 0.414583 0.685937 0.409722 0.687109 0.401389 0.690234 0.395139 0.698828 0.386806 0.720313 0.384722 0.723828 0.394444 0.722656 0.403472 0.729688 0.416667 0.726953 0.417361 0.724219 0.421528 0.724219 0.431250 0.717969 0.431944 0.726953 0.435417 0.733203 0.418056 0.739844 0.427083 0.748828 0.431944 0.753516 0.431250 0.746094 0.427778 0.742188 0.421528 0.744531 0.418056 0.753906 0.422917 0.758984 0.422917 0.761719 0.427778 0.765625 0.429167 0.764844 0.424306 0.762109 0.420833 0.756641 0.420139 0.751563 0.414583 0.754687 0.411806 0.753125 0.408333 0.741797 0.409722 0.741016 0.406250 0.739453 0.406250 0.738672 0.413889 0.734766 0.413889 0.730469 0.405556 0.730078 0.400694 0.738672 0.397917 0.730469 0.398611 0.728906 0.395833 0.728516 0.388889 0.723437 0.381250 0.725000 0.380556 0.722266 0.377778 0.704688 0.377778 0.696875 0.386111 0.688672 0.389583 0.681641 0.402083 0.672656 0.402778 0.671484 0.404861 0.665234 0.404861 0.659766 0.396528 0.641406 0.394444 0.631641 0.382639 0.629687 0.382639 0.620703 0.368056 0.610547 0.368056 0.607422 0.363194 0.607031 0.356250 0.604297 0.350000 0.596875 0.340278 0.589453 0.338889 0.584375 0.327778 0.581250 0.326389 0.580469 0.308333 0.576562 0.297222 0.576953 0.290278 0.561719 0.262500 0.562891 0.260417 0.562109 0.247222 0.559766 0.243750 0.557031 0.234028 0.554297 0.230556 0.549219 0.214583 0.544922 0.211111 0.543359 0.206250 0.539062 0.200694 0.539062 0.181944 0.528906 0.156944 0.514453 0.138194 0.510938 0.127778 0.507422 0.122222 0.501563 0.118056 0.500391 0.115278 0.502344 0.113194 0.501172 0.111111 0.503125 0.107639 0.503125 0.102778 0.498047 0.090972 0.496875 0.078472 0.499219 0.073611 0.498828 0.057639 0.500000 0.052083 0.504297 0.044444 0.504687 0.040278 0.509375 0.034028 0.512891 0.032639 0.517969 0.036111 0.521875 0.029861 0.514844 0.028472 0.505078 0.035417 0.499219 0.029861 0.499219 0.017361 0.496094 0.011806 0.495312 0.003472 0.493359 0.000694 0.490234 0.000000 0.489844 0.002778 0.495312 0.065278 0.493359 0.077083 0.493359 0.086806 0.498437 0.109028 0.498437 0.114583 0.496484 0.117361 0.496875 0.123611 0.495312 0.134722 0.497656 0.134722 0.501953 0.127083 0.504687 0.127778 0.506250 0.133333 0.509375 0.134722 0.516016 0.143750 0.518359 0.152778 0.523047 0.154861 0.527344 0.168750 0.531641 0.170833 0.531641 0.177778 0.535937 0.186111 0.538281 0.208333 0.541406 0.209722 0.542969 0.218750 0.550781 0.235417 0.553516 0.238194 0.553516 0.241667 0.557422 0.252778 0.559766 0.281250 0.568359 0.290972 0.566797 0.297917 0.568750 0.302083 0.571094 0.298611 0.576172 0.306250 0.577734 0.323611 0.576953 0.327778 0.572656 0.329861 0.572656 0.332639 0.576953 0.338194 0.578906 0.334028 0.580078 0.336111 0.582031 0.335417 0.587891 0.346528 0.592578 0.344444 0.596094 0.345833 0.599219 0.351389 0.599609 0.356944 0.604297 0.358333 0.606641 0.363194 0.604688 0.364583 0.601172 0.379861 0.589453 0.398611 0.573047 0.406250 0.570703 0.412500 0.558984 0.422917 0.551562 0.422917 0.551172 0.418750 0.548438 0.416667 0.544141 0.418750 0.548047 0.418750 0.550000 0.421528 0.549219 0.428472 0.548047 0.429861 0.546484 0.427083 0.534375 0.427778 0.531250 0.434722 0.523047 0.443750 0.520312 0.459028 0.510938 0.461111 0.507031 0.465278 0.502734 0.477778 0.500391 0.492361 0.495703 0.495833 0.493750 0.502083 0.485547 0.500000 0.483203 0.504167 0.488672 0.511111 0.491797 0.518750 0.491797 0.527778 0.488281 0.537500 0.480859 0.545833 0.480469 0.550694 0.481641 0.551389 0.478125 0.556944 0.471094 0.556944 0.469531 0.559722 0.454297 0.548611 0.425000 0.549306 0.415625 0.541667 0.402734 0.544444 0.401562 0.529861 0.396094 0.528472 0.387891 0.520139 0.376953 0.515278 0.364844 0.502778 0.362500 0.496528 0.356641 0.497917 0.332813 0.488889 0.332813 0.482639 0.321484 0.461111 0.308203 0.470833 0.298047 0.472222 0.289062 0.481250 0.275781 0.477778 0.273047 0.473611 0.261719 0.465278 0.257812 0.465278 0.253125 0.470139 0.243359 0.451389 0.235547 0.440972 0.228125 0.424306 0.220703 0.427083 0.205469 0.424306 0.199219 0.413889 0.193359 0.410417 0.183984 0.393056 0.175000 0.393750 0.165625 0.386806 0.155469 0.387500 0.146484 0.381944 0.142187 0.381944 0.139844 0.368056 0.136328 0.356944 0.135156 0.339583 0.130469 0.330556 0.129688 0.316667 0.126172 0.307639 0.121484 0.301389 0.119531 0.294444 0.114062 0.290278 0.111719 0.286111 0.110156 0.277778 0.107813 0.272917 0.110156 0.268750 0.110156 0.262500 0.107031 0.254861 0.103906 0.253472 0.103516 0.241667 0.099609 0.229167 0.100000 0.218056 0.096875 0.200000 0.096484 0.189583 0.092969 0.179861 0.092578 0.166667 0.090234 0.161111 0.084375 0.159722 0.092578 0.125694 0.092969 0.118056 0.096484 0.106944 0.098047 0.088889 0.098047 0.072222 0.091016 0.063889 0.088672 0.052083 0.088281 0.030556 0.091797 0.021528 0.092969 0.013889 0.092969 0.003472 0.090625 0.001389 0.082422 0.000694 0.079297 0.014583 0.082422 0.027778 0.082422 0.021528 0.083594 0.023611 0.082031 0.035417 0.081641 0.054167 0.083984 0.075694 0.082031 0.079861 0.082031 0.083333 0.089844 0.105556 0.085938 0.113889 0.086719 0.130556 0.080859 0.153472 0.080469 0.165278 0.081641 0.167361 0.074219 0.166667 0.071484 0.175694 0.074219 0.176389 0.078516 0.172917 0.079297 0.184028 0.085156 0.186806 0.082031 0.177083 0.081250 0.168750 0.084766 0.161806 0.085547 0.165972 0.084375 0.168056 0.088281 0.175000 0.087500 0.187500 0.091797 0.197917 0.092578 0.228472 0.094141 0.231944 0.094141 0.236806 0.099609 0.240972 0.100000 0.258333 0.098047 0.259028 0.095312 0.253472 0.091406 0.250694 0.081250 0.248611 0.076172 0.238194 0.071094 0.220139 0.062891 0.211806 0.064844 0.202083 0.064844 0.184028 0.067578 0.170139 0.066797 0.155556 0.064844 0.156250 0.064453 0.169444 0.062109 0.174306 0.058984 0.175694 0.057031 0.195833 0.057031 0.220833 0.052734 0.228472 0.048047 0.229167 0.046484 0.232639 0.047266 0.246528 0.045703 0.256250 0.039453 0.259028 0.034766 0.265278 0.030469 0.265972 0.028516 0.262500 0.016406 0.253472
