0 0.167187 0.913889 0.167187 0.922222 0.185156 0.924306 0.188672 0.936806 0.188672 0.949306 0.196484 0.947917 0.195312 0.937500 0.187500 0.921528 0.176563 0.921528 0.169141 0.917361
0 0.390234 0.638889 0.389453 0.644444 0.391016 0.641667
0 0.301563 0.616667 0.285156 0.616667 0.282031 0.611111 0.276172 0.609722 0.273438 0.604167 0.273438 0.618056 0.280078 0.619444 0.280469 0.621528 0.285547 0.623611 0.298438 0.625000 0.304688 0.629167 0.307031 0.634722 0.308984 0.647222 0.310937 0.647917 0.309766 0.649306 0.308984 0.659722 0.307031 0.661806 0.311719 0.668750 0.312891 0.675694 0.314063 0.676389 0.313672 0.693056 0.298828 0.694444 0.296875 0.704861 0.296875 0.717361 0.292578 0.729167 0.289453 0.732639 0.288672 0.737500 0.286328 0.739583 0.286328 0.744444 0.287500 0.746528 0.287109 0.754861 0.277344 0.754861 0.274609 0.771528 0.271875 0.774306 0.259766 0.774306 0.257812 0.779861 0.254688 0.777778 0.237500 0.776389 0.233594 0.774306 0.230078 0.763889 0.227344 0.761806 0.224219 0.761806 0.223828 0.759722 0.213281 0.759722 0.212109 0.770139 0.210156 0.774306 0.210156 0.782639 0.208203 0.793750 0.200000 0.794444 0.200000 0.797222 0.197656 0.797917 0.196484 0.801389 0.193750 0.801389 0.192188 0.805556 0.187500 0.806944 0.185547 0.812500 0.184766 0.822917 0.183203 0.825000 0.177344 0.825000 0.182812 0.829167 0.183594 0.831944 0.185938 0.831944 0.188672 0.836111 0.188281 0.838194 0.175391 0.838194 0.174219 0.848611 0.164062 0.848611 0.163672 0.845139 0.166016 0.844444 0.165234 0.825000 0.164062 0.828472 0.163672 0.845139 0.160938 0.845139 0.158594 0.848611 0.148828 0.850694 0.148828 0.865278 0.146875 0.873611 0.146875 0.886111 0.151953 0.889583 0.160156 0.904167 0.165625 0.909722 0.160938 0.900694 0.158594 0.883333 0.153125 0.883333 0.151562 0.880556 0.151562 0.870139 0.152734 0.866667 0.160938 0.865972 0.164062 0.869444 0.173047 0.868056 0.178516 0.851389 0.188281 0.847917 0.189453 0.842361 0.189844 0.824306 0.198828 0.824306 0.201953 0.827778 0.206641 0.827778 0.203516 0.820833 0.203516 0.814583 0.196484 0.813889 0.198047 0.809722 0.200000 0.809722 0.200781 0.806250 0.204687 0.806250 0.208594 0.802778 0.210156 0.797222 0.213672 0.795833 0.216016 0.790278 0.217969 0.790278 0.219141 0.784722 0.252344 0.786111 0.260547 0.784722 0.260937 0.782639 0.267969 0.782639 0.271094 0.777083 0.273047 0.777083 0.278125 0.766667 0.289062 0.763194 0.291406 0.759028 0.291406 0.752083 0.299219 0.737500 0.303516 0.703472 0.307812 0.699306 0.318750 0.697917 0.319922 0.692361 0.319922 0.676389 0.316797 0.667361 0.314844 0.652778 0.309375 0.643056 0.307422 0.633333 0.304297 0.627083 0.303516 0.620139
0 0.250000 0.562500 0.255078 0.569444 0.255078 0.576389 0.253906 0.577083 0.255078 0.581944 0.264844 0.585417 0.267969 0.588889 0.267969 0.577083 0.258984 0.575000 0.257031 0.564583
0 0.235547 0.546528 0.235547 0.554861 0.244531 0.556250 0.245312 0.558333 0.245312 0.554861 0.242188 0.547917
0 0.201953 0.495139 0.205078 0.506250 0.205078 0.511806 0.207031 0.515278 0.207031 0.520139 0.208203 0.520833 0.208203 0.525694 0.226172 0.529167 0.230078 0.532639 0.233203 0.532639 0.232031 0.529861 0.228516 0.529861 0.228125 0.527778 0.219922 0.527778 0.210938 0.522917 0.209766 0.520139 0.210547 0.499306 0.208594 0.495139
0 0.343359 0.450000 0.341406 0.450000 0.341406 0.454861
0 0.330469 0.652778 0.332422 0.656250 0.344141 0.657639 0.347656 0.647222 0.359375 0.645139 0.360938 0.659722 0.364844 0.661111 0.405469 0.661111 0.405859 0.668750 0.410547 0.668750 0.414844 0.674306 0.418750 0.675694 0.454688 0.677778 0.459375 0.672917 0.465625 0.656250 0.478906 0.654167 0.482031 0.648611 0.492969 0.645139 0.494531 0.641667 0.509375 0.638194 0.515625 0.625000 0.530859 0.623611 0.535937 0.618056 0.538672 0.618056 0.538672 0.611111 0.541016 0.600000 0.542969 0.596528 0.543750 0.584028 0.546094 0.574306 0.547656 0.571528 0.549219 0.574306 0.550391 0.568750 0.552734 0.568750 0.558203 0.561806 0.581641 0.558333 0.582031 0.556250 0.584766 0.556250 0.587891 0.552778 0.590234 0.547222 0.600000 0.545833 0.601172 0.543750 0.603906 0.543750 0.604297 0.541667 0.608984 0.540278 0.626953 0.540278 0.633984 0.545833 0.669141 0.543750 0.669531 0.541667 0.674219 0.538194 0.678906 0.529167 0.690625 0.529167 0.691016 0.531250 0.697656 0.532639 0.700391 0.540278 0.710938 0.540278 0.711328 0.538194 0.714063 0.536806 0.716016 0.531250 0.721094 0.531250 0.721484 0.538194 0.725391 0.538194 0.727344 0.536111 0.728516 0.515278 0.721484 0.515278 0.721094 0.513194 0.727734 0.505556 0.736719 0.504167 0.741016 0.496528 0.744531 0.493056 0.748828 0.481944 0.764062 0.494444 0.764453 0.500000 0.773047 0.498611 0.776563 0.493056 0.784375 0.493056 0.788672 0.485417 0.800781 0.485417 0.809375 0.498611 0.814063 0.498611 0.819141 0.493056 0.820312 0.484028 0.827344 0.484028 0.832812 0.489583 0.840625 0.490972 0.844531 0.494444 0.860938 0.493056 0.860938 0.481250 0.863281 0.476389 0.864844 0.476389 0.865234 0.472917 0.900781 0.472917 0.903516 0.476389 0.913672 0.478472 0.914062 0.481944 0.921875 0.484028 0.928516 0.500000 0.934375 0.500000 0.939453 0.493056 0.957031 0.493056 0.964063 0.496528 0.970313 0.504861 0.977344 0.523611 0.980078 0.516667 0.983203 0.514583 0.983203 0.509722 0.981250 0.506250 0.981250 0.500694 0.975000 0.495139 0.969141 0.493750 0.961719 0.486111 0.938672 0.486111 0.937109 0.468056 0.916406 0.466667 0.916016 0.464583 0.908984 0.461111 0.908594 0.459028 0.905859 0.459028 0.902734 0.455556 0.895703 0.455556 0.893359 0.452083 0.870313 0.453472 0.869922 0.455556 0.867188 0.455556 0.866016 0.459028 0.864453 0.459028 0.864453 0.462500 0.858984 0.470139 0.857812 0.469444 0.855859 0.459722 0.848828 0.466667 0.821484 0.472222 0.816016 0.488194 0.810937 0.484028 0.809766 0.475694 0.803125 0.479167 0.802734 0.481250 0.797656 0.482639 0.770312 0.482639 0.766016 0.472917 0.766016 0.470139 0.763281 0.468056 0.741016 0.470139 0.740625 0.472222 0.737891 0.472222 0.737891 0.475000 0.732422 0.484722 0.729688 0.486111 0.726172 0.502778 0.716406 0.506250 0.715234 0.513889 0.699219 0.513889 0.695703 0.507639 0.694922 0.502778 0.684766 0.502778 0.680078 0.506250 0.674609 0.506250 0.667188 0.520833 0.662500 0.524306 0.662109 0.535417 0.650391 0.535417 0.650000 0.533333 0.642188 0.531944 0.638672 0.527778 0.615625 0.527778 0.615234 0.529861 0.592187 0.533333 0.591797 0.535417 0.587109 0.536806 0.584766 0.540972 0.578906 0.542361 0.578516 0.544444 0.573828 0.544444 0.570703 0.547917 0.570312 0.550694 0.565625 0.551389 0.564453 0.553472 0.547266 0.553472 0.543750 0.549306 0.543750 0.546528 0.536328 0.546528 0.533203 0.542361 0.532813 0.533333 0.529687 0.532639 0.530859 0.527778 0.521875 0.527778 0.522656 0.517361 0.521484 0.515278 0.511719 0.513889 0.509375 0.502778 0.506250 0.500694 0.504687 0.494444 0.503125 0.493056 0.503125 0.488194 0.491016 0.488194 0.487109 0.481250 0.482031 0.481250 0.478125 0.479167 0.477734 0.477083 0.459766 0.477083 0.455469 0.464583 0.452734 0.463194 0.448047 0.454861 0.447266 0.450000 0.444531 0.448611 0.440234 0.440972 0.433203 0.440972 0.432031 0.434028 0.427734 0.434028 0.423047 0.430556 0.422656 0.428472 0.417969 0.427083 0.415625 0.422917 0.399609 0.421528 0.397266 0.428472 0.392969 0.430556 0.391406 0.434028 0.390625 0.443750 0.388281 0.446528 0.387500 0.456944 0.386328 0.459028 0.382031 0.446528 0.377344 0.446528 0.376953 0.444444 0.368359 0.438194 0.367578 0.434028 0.367969 0.447917 0.369922 0.451389 0.376953 0.456944 0.382031 0.458333 0.387109 0.462500 0.388281 0.465972 0.397266 0.465972 0.400391 0.460417 0.400391 0.457639 0.395703 0.457639 0.395313 0.453472 0.397266 0.450000 0.398047 0.443056 0.402734 0.434722 0.415625 0.434722 0.416016 0.438889 0.422656 0.443750 0.425781 0.443750 0.426172 0.445833 0.437891 0.445833 0.440234 0.452083 0.440234 0.456944 0.442188 0.456944 0.445312 0.465972 0.447656 0.468056 0.449219 0.474306 0.451172 0.475000 0.458594 0.487500 0.482031 0.487500 0.484766 0.489583 0.489453 0.497222 0.490234 0.504167 0.495312 0.509722 0.495312 0.516667 0.498437 0.513194 0.504687 0.513194 0.506641 0.518056 0.508594 0.518750 0.508594 0.522222 0.523828 0.540278 0.528125 0.543056 0.528516 0.536806 0.529687 0.536111 0.533984 0.552778 0.537891 0.559722 0.546094 0.567361 0.547266 0.570833 0.541406 0.578472 0.536328 0.594444 0.532031 0.602083 0.526953 0.606250 0.526563 0.609722 0.524219 0.609722 0.518359 0.615278 0.505469 0.618750 0.497266 0.627778 0.491016 0.627778 0.489844 0.629861 0.483203 0.631250 0.480078 0.639583 0.478125 0.640278 0.475391 0.646528 0.458594 0.651389 0.452344 0.663889 0.440234 0.663889 0.439844 0.665972 0.420703 0.665972 0.414062 0.663889 0.410547 0.650694 0.407422 0.645833 0.401562 0.642361 0.401172 0.640278 0.391797 0.640278 0.394531 0.641667 0.394922 0.643750 0.387109 0.647917 0.374219 0.649306 0.364063 0.629861 0.362500 0.636806 0.356250 0.636806 0.345313 0.642361 0.341016 0.642361 0.338281 0.645833 0.333984 0.645833 0.330469 0.647917
0 0.335547 0.415972 0.335547 0.420833 0.345703 0.428472 0.345703 0.436806 0.343750 0.447917 0.351562 0.452778 0.352344 0.440972 0.355469 0.438889 0.356641 0.434722 0.365625 0.433333 0.364453 0.428472 0.354687 0.425000 0.339453 0.411806 0.337500 0.411806
0 0.096875 0.017361 0.098828 0.023611 0.101172 0.024306 0.101953 0.031250 0.105078 0.036806 0.104297 0.095139 0.110547 0.097917 0.131250 0.096528 0.134766 0.107639 0.136719 0.129167 0.134766 0.131250 0.134766 0.138194 0.133594 0.138889 0.132812 0.145139 0.126562 0.156250 0.126562 0.163194 0.132812 0.170833 0.132812 0.179167 0.134766 0.186806 0.135547 0.197917 0.139844 0.197917 0.144922 0.212500 0.153125 0.213194 0.155078 0.228472 0.156250 0.229167 0.158203 0.239583 0.160156 0.241667 0.162109 0.255556 0.164062 0.257639 0.164062 0.261111 0.168359 0.270833 0.168359 0.274306 0.170313 0.276389 0.170313 0.279167 0.177344 0.297222 0.178516 0.311806 0.182031 0.304861 0.183203 0.297917 0.184766 0.297917 0.184766 0.346528 0.182422 0.350694 0.182422 0.365972 0.186719 0.377083 0.186719 0.382639 0.190234 0.382639 0.194531 0.386111 0.203125 0.404861 0.203125 0.408333 0.205078 0.410417 0.205078 0.427778 0.200781 0.431944 0.200781 0.434028 0.195703 0.440972 0.194922 0.467361 0.191406 0.475694 0.185547 0.482639 0.184766 0.489583 0.183594 0.490278 0.182422 0.507639 0.184375 0.507639 0.184375 0.502778 0.189453 0.493056 0.190234 0.486111 0.192188 0.485417 0.193359 0.480556 0.197656 0.475000 0.199609 0.469444 0.209766 0.465972 0.210938 0.463889 0.214844 0.463889 0.215625 0.459028 0.217969 0.456944 0.219922 0.448611 0.224219 0.440278 0.235156 0.438889 0.238672 0.434722 0.243359 0.434722 0.245703 0.431250 0.250781 0.431250 0.257812 0.425694 0.264844 0.425694 0.266016 0.429861 0.267969 0.429861 0.270313 0.434722 0.283203 0.434722 0.285547 0.431250 0.300781 0.429861 0.301953 0.435417 0.303906 0.437500 0.304688 0.443750 0.307812 0.449306 0.314453 0.454167 0.316016 0.458333 0.319922 0.458333 0.320312 0.460417 0.335156 0.460417 0.336328 0.463889 0.341406 0.467361 0.344141 0.467361 0.345703 0.462500 0.348438 0.460417 0.348438 0.457639 0.333203 0.459028 0.332813 0.453472 0.325781 0.453472 0.324219 0.448611 0.319141 0.448611 0.318750 0.444444 0.312500 0.440278 0.310547 0.431944 0.308203 0.431944 0.303516 0.426389 0.294531 0.425000 0.291406 0.420833 0.291406 0.417361 0.254688 0.419444 0.253516 0.421528 0.246484 0.421528 0.240234 0.426389 0.223438 0.428472 0.223047 0.430556 0.221484 0.430556 0.217969 0.415972 0.216797 0.415278 0.216797 0.406944 0.215625 0.406250 0.213672 0.393750 0.204687 0.379167 0.203516 0.373611 0.197656 0.363194 0.192188 0.360417 0.187109 0.342361 0.189453 0.340972 0.190625 0.337500 0.193359 0.337500 0.194531 0.335417 0.194531 0.321528 0.193359 0.320833 0.193359 0.285417 0.189844 0.281944 0.185547 0.281944 0.184375 0.274306 0.181641 0.272917 0.178125 0.264583 0.177344 0.254861 0.175000 0.252083 0.175000 0.245139 0.171875 0.239583 0.166016 0.203472 0.162891 0.198611 0.161328 0.198611 0.160938 0.194444 0.155859 0.185417 0.150000 0.181944 0.146484 0.176389 0.144531 0.161806 0.142578 0.158333 0.141406 0.145833 0.140234 0.145139 0.139453 0.131250 0.138281 0.130556 0.136328 0.086111 0.135156 0.084028 0.119922 0.077778 0.119141 0.056944 0.116406 0.049306 0.114844 0.035417 0.112891 0.031250 0.110156 0.015278 0.103125 0.008333 0.103125 0.013889 0.100781 0.020833
