0 0.184375 0.495833 0.176172 0.512500 0.169531 0.509028 0.161719 0.510417 0.168359 0.511806 0.170703 0.517361 0.175000 0.516667 0.180469 0.507639
0 0.290625 0.467361 0.275391 0.476389 0.271875 0.481944 0.265234 0.484722 0.258203 0.484722 0.253125 0.481250 0.241797 0.479167 0.240625 0.482639 0.236328 0.485417 0.230469 0.493056 0.226562 0.493056 0.223047 0.489583 0.214844 0.486806 0.208594 0.481250 0.206641 0.481250 0.203906 0.485417 0.199609 0.482639 0.191406 0.482639 0.191016 0.487500 0.185547 0.491667 0.184375 0.502778 0.191016 0.491667 0.198437 0.488194 0.211328 0.488194 0.223438 0.496528 0.232422 0.496528 0.239063 0.488194 0.242578 0.486806 0.261719 0.490278 0.273047 0.484722 0.276172 0.477778 0.289453 0.472917
0 0.112109 0.464583 0.115234 0.468750 0.119531 0.470139 0.125391 0.481944 0.129297 0.484722 0.139453 0.485417 0.147656 0.494444 0.153125 0.496528 0.146484 0.483333 0.139063 0.484028 0.133594 0.478472 0.125781 0.476389 0.123438 0.472917 0.123438 0.467361 0.120313 0.467361 0.117969 0.464583
0 0.367969 0.413889 0.357812 0.413889 0.350781 0.422917 0.344531 0.422917 0.342187 0.425694 0.332813 0.424306 0.333594 0.427083 0.329297 0.431944 0.319922 0.434722 0.317188 0.438194 0.311328 0.438194 0.305469 0.434722 0.303516 0.440972 0.291406 0.440972 0.283594 0.445139 0.282422 0.450000 0.285938 0.451389 0.291406 0.447222 0.302734 0.445833 0.303516 0.452083 0.310937 0.444444 0.323437 0.438889 0.333203 0.431944 0.344141 0.431250 0.350781 0.428472 0.359766 0.420833 0.364063 0.419444
0 0.375391 0.402778 0.386328 0.411806 0.389844 0.411806 0.399219 0.417361 0.405859 0.428472 0.409375 0.428472 0.411719 0.425000 0.416406 0.425000 0.419922 0.422222 0.441016 0.422222 0.446094 0.416667 0.453906 0.416667 0.458984 0.420139 0.468750 0.419444 0.471875 0.422222 0.476172 0.420139 0.483594 0.422222 0.489453 0.427083 0.494141 0.436806 0.501563 0.443056 0.511719 0.443056 0.518359 0.447222 0.529687 0.447222 0.534766 0.459028 0.544141 0.463889 0.548438 0.473611 0.556250 0.484028 0.563281 0.485417 0.568359 0.488889 0.577344 0.487500 0.580469 0.484028 0.587500 0.484722 0.593359 0.477083 0.596484 0.477083 0.614844 0.490972 0.636719 0.482639 0.641406 0.482639 0.649609 0.496528 0.654297 0.499306 0.663281 0.499306 0.669141 0.511111 0.678906 0.517361 0.684766 0.525694 0.689844 0.526389 0.692578 0.522222 0.695312 0.521528 0.703516 0.531944 0.715625 0.540972 0.721094 0.549306 0.723828 0.550000 0.732031 0.558333 0.742188 0.557639 0.745703 0.562500 0.746094 0.568056 0.755859 0.570833 0.766406 0.591667 0.772266 0.594444 0.778125 0.603472 0.789453 0.606250 0.794531 0.610417 0.814453 0.612500 0.821484 0.609722 0.828125 0.617361 0.835156 0.618750 0.843359 0.612500 0.848828 0.611806 0.852734 0.606944 0.860938 0.602083 0.875000 0.601389 0.880078 0.604861 0.889844 0.603472 0.892188 0.609722 0.895703 0.612500 0.906250 0.616667 0.917969 0.618056 0.923828 0.609722 0.932422 0.605556 0.939063 0.594444 0.958594 0.592361 0.969141 0.597222 0.982422 0.597222 0.983203 0.595139 0.992578 0.597222 0.999609 0.594444 0.999219 0.579167 0.983984 0.586111 0.967578 0.586111 0.960547 0.581944 0.940625 0.584028 0.926172 0.595139 0.917188 0.609722 0.907422 0.606944 0.889844 0.594444 0.875781 0.593056 0.875000 0.595139 0.871094 0.593056 0.855469 0.595139 0.852344 0.597917 0.843750 0.600000 0.830859 0.609722 0.826562 0.609722 0.819531 0.603472 0.802734 0.603472 0.792969 0.597917 0.782813 0.596528 0.776563 0.592361 0.772656 0.585417 0.768359 0.582639 0.758594 0.562500 0.749609 0.561806 0.743359 0.550694 0.731641 0.550000 0.727344 0.543056 0.720703 0.541667 0.718359 0.535417 0.714453 0.534722 0.711328 0.530556 0.704297 0.529861 0.695312 0.518056 0.686719 0.515972 0.689844 0.520139 0.683984 0.521528 0.678906 0.511806 0.669531 0.506944 0.664453 0.495139 0.652344 0.490972 0.647266 0.482639 0.641406 0.479167 0.636719 0.473611 0.630078 0.475000 0.625781 0.479167 0.610156 0.482639 0.602734 0.472917 0.591797 0.468750 0.587500 0.475000 0.578906 0.477083 0.570312 0.482639 0.562109 0.475694 0.552734 0.472917 0.544141 0.458333 0.536719 0.455556 0.534375 0.450000 0.537109 0.449306 0.537500 0.445139 0.534375 0.440972 0.518750 0.441667 0.505859 0.434722 0.504687 0.431944 0.496094 0.431250 0.492969 0.428472 0.489453 0.417361 0.479687 0.415972 0.474219 0.411806 0.456250 0.409028 0.448047 0.403472 0.443359 0.404861 0.442188 0.408333 0.437891 0.411111 0.421484 0.411111 0.421875 0.409028 0.428516 0.404861 0.428516 0.402083 0.426172 0.402083 0.413672 0.409028 0.412109 0.411111 0.411328 0.416667 0.405859 0.415278 0.404297 0.420139 0.394531 0.411806 0.396875 0.410417 0.397656 0.406944 0.384766 0.407639 0.380859 0.402778
0 0.075781 0.368750 0.071875 0.370139 0.066797 0.378472 0.065234 0.384028 0.065234 0.393056 0.067187 0.403472 0.072266 0.409722 0.076563 0.420139 0.080859 0.424306 0.079687 0.425000 0.087500 0.428472 0.091406 0.432639 0.091406 0.438889 0.087500 0.446528 0.082031 0.463889 0.077344 0.470139 0.077344 0.472917 0.070312 0.484028 0.067969 0.491667 0.061328 0.489583 0.046484 0.505556 0.035547 0.512500 0.032422 0.518056 0.026562 0.520833 0.025000 0.531250 0.018359 0.540972 0.013281 0.552778 0.008984 0.549306 0.006250 0.551389 0.000391 0.550694 0.000391 0.559028 0.007422 0.556250 0.015234 0.556250 0.021875 0.547222 0.021875 0.540278 0.026953 0.534028 0.030859 0.522222 0.036719 0.520139 0.045703 0.513194 0.047266 0.509028 0.051953 0.505556 0.056641 0.497222 0.061328 0.494444 0.072266 0.495139 0.079687 0.473611 0.083203 0.470139 0.087500 0.450000 0.093359 0.436806 0.095312 0.436806 0.104297 0.446528 0.106250 0.445833 0.106641 0.440972 0.096875 0.437500 0.094141 0.431944 0.085938 0.425694 0.085938 0.422917 0.091797 0.421528 0.087109 0.420833 0.082812 0.422917 0.075781 0.407639 0.070312 0.401389 0.068750 0.396528 0.069141 0.380556 0.071094 0.375000 0.075391 0.373611
0 0.055469 0.283333 0.062500 0.288194 0.067969 0.302083 0.073828 0.302778 0.076563 0.306944 0.077344 0.319444 0.080078 0.329861 0.078125 0.342361 0.078516 0.350000 0.078906 0.343056 0.081641 0.334028 0.082031 0.325000 0.076953 0.304167 0.072656 0.298611 0.067578 0.296528 0.060547 0.284028
0 0.047266 0.268750 0.050391 0.274306 0.051172 0.279861 0.054688 0.282639 0.053516 0.280556 0.054297 0.268056
0 0.043359 0.240972 0.051953 0.250694 0.054688 0.250694 0.049609 0.245139 0.048828 0.234028 0.047656 0.239583
0 0.000781 0.036806 0.003516 0.041667 0.010156 0.040972 0.008984 0.036111
0 0.021875 0.029167 0.036328 0.036806 0.040625 0.047222 0.048047 0.058333 0.053906 0.070833 0.064453 0.072222 0.053516 0.068056 0.043359 0.050694 0.041406 0.040278 0.037109 0.032639
