0 0.940625 0.902083 0.946484 0.910417 0.947266 0.913194 0.946094 0.913194 0.946094 0.915278 0.948828 0.916667 0.962500 0.936111 0.962500 0.938889 0.967187 0.945833 0.968359 0.952778 0.974609 0.965972 0.984766 0.975694 0.986328 0.979861 0.992969 0.983333 0.992578 0.987500 0.986328 0.990278 0.999609 0.986806 0.998437 0.983333 0.994141 0.981944 0.992969 0.978472 0.985547 0.973611 0.966797 0.937500 0.966797 0.934028 0.958203 0.918750 0.946484 0.904861
0 0.926172 0.893750 0.944141 0.911806 0.941016 0.905556
0 0.836328 0.770139 0.838281 0.780556 0.840234 0.781250 0.841016 0.788194 0.852344 0.809722 0.852344 0.816667 0.861719 0.825000 0.868359 0.836806 0.881641 0.850000 0.883203 0.856250 0.886719 0.862500 0.888672 0.862500 0.887500 0.861111 0.888672 0.860417 0.892188 0.866667 0.897656 0.869444 0.898438 0.872917 0.899219 0.870833 0.905859 0.881944 0.917188 0.889583 0.921875 0.890278 0.918359 0.888889 0.917188 0.886806 0.919531 0.886111 0.938281 0.900694 0.934375 0.895139 0.932031 0.895139 0.908984 0.873611 0.903125 0.870139 0.896484 0.859722 0.886719 0.851389 0.882031 0.842361 0.862891 0.820833 0.855859 0.808333 0.853516 0.807639 0.851953 0.801389 0.847266 0.793056 0.846484 0.788194 0.843750 0.786806 0.842578 0.781250
0 0.829688 0.744444 0.831641 0.759028 0.835938 0.768750 0.831250 0.754861 0.831250 0.747222
0 0.813281 0.659028 0.814063 0.666667 0.817187 0.675000 0.819922 0.712500 0.821094 0.713194 0.821875 0.721528 0.827734 0.736806 0.827734 0.743056 0.829297 0.743056 0.825391 0.720139 0.822656 0.688194 0.821484 0.687500 0.820703 0.679167 0.818750 0.677778 0.818750 0.672222 0.816406 0.669444 0.814844 0.660417
0 0.803906 0.568056 0.805469 0.578472 0.805469 0.595139 0.806641 0.597222 0.806641 0.620833 0.808594 0.629861 0.808594 0.636806 0.811328 0.643056 0.812891 0.652778 0.808984 0.586111 0.807031 0.583333 0.807031 0.575000
0 0.905469 0.553472 0.922266 0.561111 0.930859 0.570139 0.936328 0.571528 0.936719 0.573611 0.945703 0.576389 0.946094 0.588889 0.960156 0.585417 0.960547 0.583333 0.974219 0.583333 0.986328 0.588889 0.999609 0.588889 0.999609 0.581250 0.962109 0.582639 0.960156 0.580556 0.951172 0.579167 0.950000 0.574306 0.945312 0.568750 0.936328 0.563889 0.919141 0.560417 0.912500 0.553472
0 0.878516 0.551389 0.884766 0.551389 0.887500 0.546528 0.881250 0.546528 0.878906 0.548611
0 0.892188 0.545833 0.898047 0.547917 0.900000 0.552778 0.901563 0.552778 0.899219 0.550694 0.898047 0.546528
0 0.977344 0.223611 0.950781 0.231944 0.948047 0.235417 0.940234 0.238889 0.925391 0.265278 0.923047 0.265972 0.919141 0.275000 0.911719 0.283333 0.907813 0.291667 0.905859 0.291667 0.904687 0.295139 0.899219 0.298611 0.898828 0.302083 0.894531 0.303472 0.894531 0.306250 0.892578 0.306944 0.891016 0.312500 0.886328 0.316667 0.875000 0.339583 0.871484 0.340972 0.871484 0.344444 0.869531 0.345833 0.867578 0.351389 0.864062 0.352778 0.853125 0.371528 0.848437 0.375000 0.847266 0.379167 0.844922 0.379861 0.842578 0.385417 0.815234 0.413889 0.801172 0.445139 0.798047 0.447917 0.782813 0.475000 0.775781 0.502778 0.750000 0.502778 0.748047 0.500694 0.738281 0.499306 0.726562 0.488889 0.715625 0.487500 0.709766 0.481944 0.681250 0.480556 0.675391 0.477083 0.675000 0.475000 0.670312 0.475000 0.666016 0.472222 0.655859 0.454861 0.648438 0.446528 0.618750 0.446528 0.612891 0.450000 0.602344 0.461806 0.588281 0.463194 0.585547 0.466667 0.582812 0.466667 0.582422 0.468750 0.576953 0.470139 0.573828 0.477083 0.571094 0.478472 0.567187 0.488889 0.565234 0.488889 0.560547 0.495833 0.554688 0.500694 0.551953 0.500694 0.551562 0.502778 0.530078 0.504167 0.528906 0.506250 0.525000 0.506250 0.516406 0.511111 0.508203 0.519444 0.507031 0.524306 0.504297 0.526389 0.504297 0.529167 0.492578 0.556944 0.485938 0.558333 0.483984 0.563889 0.481250 0.563889 0.476172 0.570833 0.459766 0.572222 0.451172 0.578472 0.446484 0.576389 0.445703 0.572222 0.438281 0.570833 0.437109 0.568750 0.426953 0.568750 0.426563 0.570833 0.421094 0.572222 0.414062 0.582639 0.409375 0.584028 0.406641 0.587500 0.403516 0.587500 0.402344 0.590972 0.393359 0.592361 0.389062 0.597917 0.379688 0.601389 0.343359 0.601389 0.337109 0.593750 0.333594 0.580556 0.332813 0.582639 0.325391 0.586111 0.316797 0.595833 0.303516 0.595833 0.301172 0.591667 0.300000 0.585417 0.300000 0.576389 0.297266 0.561806 0.287891 0.575694 0.283203 0.577083 0.282422 0.579861 0.273828 0.584028 0.273438 0.586111 0.265234 0.586111 0.262109 0.584028 0.257422 0.575694 0.251563 0.572222 0.242969 0.572222 0.241016 0.575694 0.233594 0.577083 0.228516 0.582639 0.211328 0.584028 0.209375 0.587500 0.204687 0.587500 0.194141 0.595833 0.190625 0.595833 0.190234 0.583333 0.192188 0.584028 0.183594 0.579167 0.176172 0.567361 0.167187 0.570833 0.157031 0.570833 0.151953 0.565278 0.148438 0.565278 0.137500 0.558333 0.128516 0.555556 0.128125 0.551389 0.125000 0.549306 0.113672 0.527778 0.102734 0.521528 0.098437 0.521528 0.083594 0.509722 0.081250 0.504167 0.078125 0.504167 0.066016 0.495833 0.061328 0.490972 0.055078 0.478472 0.039453 0.461806 0.021875 0.461806 0.013672 0.471528 0.013672 0.474306 0.007422 0.488889 0.000781 0.488889 0.000000 0.494444 0.014453 0.500000 0.022266 0.490278 0.038281 0.491667 0.045312 0.497917 0.046875 0.505556 0.049609 0.508333 0.050781 0.513889 0.054297 0.516667 0.055469 0.520833 0.068750 0.530556 0.088672 0.540972 0.098828 0.554861 0.103125 0.556250 0.114844 0.568056 0.120703 0.577083 0.120703 0.579861 0.124609 0.586806 0.132031 0.590278 0.161719 0.588889 0.165234 0.591667 0.180859 0.593750 0.182031 0.597222 0.187109 0.598611 0.187500 0.600694 0.194141 0.605556 0.212891 0.605556 0.209375 0.600694 0.209375 0.597222 0.211719 0.591667 0.237500 0.593750 0.244922 0.597917 0.256641 0.609028 0.260156 0.609028 0.262891 0.602083 0.266797 0.602083 0.271875 0.591667 0.280078 0.591667 0.283203 0.594444 0.283203 0.601389 0.278125 0.611806 0.273047 0.613194 0.273828 0.615972 0.282031 0.620833 0.287891 0.620833 0.296094 0.627083 0.297656 0.634722 0.314844 0.644444 0.308984 0.638889 0.305859 0.632639 0.305859 0.621528 0.307812 0.618056 0.307812 0.614583 0.314844 0.605556 0.327344 0.602083 0.329297 0.604167 0.338281 0.605556 0.338672 0.607639 0.344141 0.610417 0.344531 0.612500 0.350781 0.614583 0.367188 0.615972 0.369141 0.613889 0.380469 0.612500 0.389453 0.607639 0.400781 0.607639 0.401562 0.605556 0.406250 0.604167 0.414453 0.595139 0.416797 0.587500 0.418750 0.585417 0.418750 0.581944 0.421484 0.578472 0.423047 0.579167 0.423047 0.585417 0.426953 0.585417 0.430078 0.588194 0.431641 0.592361 0.431641 0.597222 0.435156 0.598611 0.439063 0.590278 0.448828 0.590278 0.452344 0.595139 0.453125 0.585417 0.460156 0.576389 0.478125 0.576389 0.482422 0.585417 0.487891 0.583333 0.488672 0.578472 0.492578 0.573611 0.492969 0.570139 0.496094 0.570139 0.498437 0.575000 0.503125 0.576389 0.507422 0.580556 0.516406 0.581944 0.521875 0.586806 0.548047 0.586806 0.550000 0.583333 0.561719 0.579861 0.565234 0.571528 0.569531 0.567361 0.570703 0.561806 0.572656 0.560417 0.571875 0.525000 0.570312 0.523611 0.569141 0.515972 0.567187 0.514583 0.567187 0.498611 0.571484 0.490972 0.567969 0.490278 0.570703 0.486806 0.582422 0.483333 0.583594 0.479861 0.590234 0.477778 0.592969 0.472917 0.596094 0.472917 0.598437 0.468056 0.601953 0.466667 0.605469 0.461111 0.610156 0.459028 0.625781 0.461111 0.628125 0.463889 0.638672 0.468056 0.648438 0.476389 0.652734 0.483333 0.651953 0.485417 0.680078 0.502083 0.684766 0.500000 0.685937 0.493056 0.698047 0.493056 0.702734 0.495139 0.704688 0.498611 0.696484 0.499306 0.697656 0.502083 0.747266 0.502083 0.749219 0.505556 0.757812 0.506944 0.772656 0.522222 0.774219 0.529167 0.779297 0.534028 0.782422 0.534028 0.784375 0.537500 0.788281 0.539583 0.789062 0.542361 0.791016 0.542361 0.795703 0.549306 0.794141 0.552778 0.795312 0.559722 0.799219 0.564583 0.802734 0.564583 0.803516 0.566667 0.797266 0.549306 0.818750 0.549306 0.819141 0.551389 0.821875 0.551389 0.834766 0.561111 0.853125 0.564583 0.861719 0.561111 0.864844 0.557639 0.873047 0.557639 0.860938 0.555556 0.858984 0.550000 0.856250 0.548611 0.844922 0.548611 0.842578 0.552083 0.837109 0.552083 0.836719 0.550000 0.828516 0.550000 0.826172 0.545833 0.826172 0.541667 0.807813 0.541667 0.792188 0.538194 0.789844 0.533333 0.781641 0.531250 0.778516 0.522222 0.778516 0.506250 0.781250 0.502083 0.781250 0.498611 0.788672 0.481944 0.798438 0.466667 0.803516 0.454167 0.804297 0.447917 0.806250 0.447222 0.808203 0.438889 0.810156 0.437500 0.810937 0.432639 0.815234 0.425000 0.827734 0.413194 0.829297 0.408333 0.831250 0.408333 0.831641 0.404861 0.834766 0.403472 0.834766 0.400694 0.844531 0.384722 0.846484 0.384722 0.849609 0.379167 0.853125 0.377778 0.854297 0.374306 0.858984 0.372917 0.860938 0.367361 0.870313 0.359028 0.880859 0.335417 0.882031 0.328472 0.885938 0.326389 0.911719 0.287500 0.927734 0.272222 0.931641 0.262500 0.933594 0.261806 0.936328 0.254167 0.936328 0.250694 0.941406 0.243056 0.949609 0.243056 0.956641 0.238194 0.963281 0.236806 0.965234 0.233333 0.971875 0.229861
