0 0.990625 0.921528 0.995703 0.924306 0.994922 0.921528
0 0.980859 0.916667 0.982031 0.922917 0.988672 0.924306 0.989844 0.922222
0 0.028516 0.999306 0.035547 0.991667 0.035547 0.986806 0.038672 0.982639 0.038672 0.975694 0.049609 0.955556 0.057813 0.954167 0.059766 0.950000 0.059766 0.939583 0.064062 0.913194 0.066797 0.911111 0.067187 0.907639 0.071484 0.903472 0.071875 0.900694 0.078125 0.899306 0.078906 0.895833 0.081250 0.893750 0.081250 0.889583 0.085547 0.884028 0.089453 0.885417 0.092188 0.891667 0.109375 0.891667 0.112500 0.893750 0.114453 0.899306 0.116797 0.901389 0.117578 0.918056 0.131641 0.918056 0.136328 0.921528 0.140625 0.921528 0.143359 0.927778 0.148828 0.930556 0.153516 0.936806 0.159766 0.936806 0.163281 0.945833 0.163281 0.957639 0.169922 0.968056 0.170703 0.972917 0.182422 0.988194 0.184766 0.993750 0.184766 0.999306 0.186328 0.999306 0.184375 0.990278 0.176953 0.977083 0.176953 0.968056 0.174609 0.965278 0.171484 0.956250 0.171484 0.950694 0.173828 0.944444 0.182031 0.940972 0.192969 0.927778 0.217188 0.925694 0.220703 0.920139 0.222656 0.920139 0.225000 0.914583 0.226953 0.914583 0.233594 0.900694 0.251563 0.899306 0.252344 0.895833 0.254688 0.893750 0.256641 0.886111 0.263281 0.878472 0.268359 0.878472 0.269531 0.876389 0.288672 0.878472 0.294141 0.870833 0.300391 0.868750 0.304688 0.861111 0.314063 0.859722 0.318359 0.855556 0.324609 0.855556 0.305469 0.852778 0.300391 0.856250 0.299219 0.860417 0.297266 0.860417 0.294922 0.865972 0.292578 0.867361 0.264453 0.867361 0.263281 0.869444 0.260156 0.869444 0.257812 0.873611 0.251563 0.873611 0.250000 0.877778 0.247266 0.879167 0.246875 0.882639 0.244922 0.882639 0.234375 0.892361 0.231250 0.897917 0.210156 0.897917 0.205469 0.909028 0.202734 0.911111 0.186719 0.911111 0.180469 0.922222 0.154688 0.924306 0.152734 0.920833 0.147266 0.918750 0.146094 0.915278 0.141016 0.915278 0.135547 0.909028 0.132812 0.909028 0.129297 0.903472 0.121094 0.901389 0.107813 0.882639 0.103516 0.882639 0.098437 0.879167 0.095312 0.873611 0.091016 0.871528 0.085547 0.859722 0.080469 0.852778 0.073828 0.848611 0.070703 0.843056 0.062500 0.840972 0.060937 0.836806 0.060937 0.829167 0.055078 0.822917 0.056250 0.825000 0.056641 0.840278 0.058984 0.844444 0.065625 0.850000 0.066797 0.854167 0.073828 0.861111 0.077344 0.861111 0.083203 0.866667 0.083594 0.878472 0.078516 0.887500 0.076172 0.888194 0.073828 0.892361 0.064453 0.894444 0.063281 0.897917 0.051953 0.906944 0.050781 0.931250 0.047656 0.938889 0.041016 0.945139 0.034766 0.947222 0.033594 0.950694 0.033594 0.970139 0.031641 0.986111
0 0.021875 0.729861 0.026562 0.736806 0.026953 0.735417
0 0.115234 0.508333 0.110937 0.508333 0.106641 0.514583 0.101953 0.528472 0.095312 0.540278 0.095312 0.545833 0.094141 0.546528 0.092188 0.556944 0.089063 0.559028 0.082812 0.581250 0.069922 0.600694 0.066797 0.614583 0.066797 0.636806 0.064062 0.639583 0.063672 0.643750 0.056250 0.660417 0.052734 0.695139 0.050781 0.695833 0.044922 0.705556 0.040234 0.708333 0.039062 0.711111 0.039062 0.721528 0.033594 0.729861 0.032031 0.739583 0.022656 0.740278 0.016406 0.723611 0.013281 0.720139 0.011328 0.699306 0.007812 0.703472 0.003906 0.704861 0.003516 0.706944 0.000000 0.707639 0.000000 0.725694 0.001563 0.738194 0.014844 0.753472 0.024219 0.769444 0.024219 0.777083 0.027734 0.790278 0.039844 0.800694 0.043359 0.808333 0.047656 0.810417 0.052734 0.819444 0.048438 0.806944 0.046094 0.804861 0.044141 0.790278 0.041797 0.787500 0.041797 0.784722 0.034766 0.780556 0.033203 0.776389 0.033203 0.767361 0.041016 0.744444 0.046875 0.736806 0.053906 0.736111 0.054688 0.725694 0.051562 0.715972 0.051562 0.704167 0.057813 0.688194 0.060937 0.684028 0.060937 0.680556 0.066406 0.672222 0.066406 0.666667 0.070703 0.655556 0.071484 0.634722 0.074219 0.628472 0.076953 0.627083 0.081250 0.617361 0.083203 0.617361 0.087500 0.599306 0.088281 0.584722 0.090625 0.581250 0.090625 0.578472 0.094141 0.574306 0.094141 0.570139 0.098437 0.562500 0.100000 0.554167 0.103516 0.553472 0.103516 0.550000 0.106641 0.545833 0.106641 0.527083 0.108984 0.525000 0.110937 0.519444 0.113281 0.519444 0.116016 0.513194 0.114453 0.510417
0 0.887891 0.321528 0.894531 0.331250 0.890234 0.322222
0 0.001953 0.470833 0.002734 0.494444 0.012500 0.509722 0.017578 0.509722 0.019141 0.499306 0.021484 0.496528 0.021484 0.491667 0.025391 0.486806 0.033594 0.486806 0.037891 0.490972 0.047266 0.490972 0.051562 0.485417 0.058984 0.485417 0.064453 0.475694 0.066406 0.475694 0.069531 0.481250 0.069141 0.472222 0.076172 0.472222 0.078516 0.476389 0.078516 0.481250 0.080469 0.483333 0.081250 0.492361 0.084766 0.486806 0.097266 0.486806 0.097656 0.489583 0.100781 0.493056 0.102344 0.500000 0.107813 0.506250 0.108203 0.509028 0.110937 0.504167 0.119531 0.496528 0.128125 0.496528 0.132031 0.490972 0.138672 0.486806 0.142969 0.486806 0.144141 0.490972 0.146484 0.493056 0.146484 0.498611 0.142969 0.499306 0.141797 0.502778 0.133594 0.504861 0.133594 0.507639 0.142969 0.513194 0.145313 0.519444 0.147266 0.520833 0.149609 0.513194 0.180469 0.513194 0.184375 0.511806 0.187891 0.507639 0.198437 0.506250 0.201953 0.508333 0.202734 0.513889 0.205078 0.518056 0.205078 0.522222 0.207813 0.528472 0.255859 0.528472 0.263281 0.541667 0.267578 0.545833 0.272656 0.547222 0.275000 0.551389 0.280469 0.551389 0.282813 0.555556 0.294922 0.564583 0.296094 0.568056 0.298047 0.568056 0.301563 0.574306 0.303516 0.574306 0.304688 0.577778 0.310937 0.583333 0.324219 0.583333 0.330078 0.579861 0.334766 0.574306 0.358984 0.572222 0.360156 0.577083 0.363281 0.579167 0.363281 0.584722 0.366406 0.595833 0.368750 0.597917 0.370312 0.617361 0.371875 0.618750 0.374609 0.613889 0.392578 0.615278 0.392969 0.656250 0.391406 0.661111 0.387891 0.664583 0.383203 0.664583 0.378516 0.668056 0.369922 0.668056 0.362891 0.655556 0.357812 0.654167 0.357031 0.659028 0.351172 0.669444 0.344141 0.670833 0.341016 0.681944 0.336719 0.690972 0.346094 0.683333 0.365234 0.683333 0.368750 0.689583 0.368750 0.734722 0.365625 0.742361 0.365625 0.745833 0.362109 0.746528 0.361328 0.751389 0.360156 0.752083 0.360156 0.761111 0.367578 0.771528 0.367578 0.777083 0.366406 0.780556 0.363281 0.780556 0.358203 0.787500 0.358203 0.804861 0.361719 0.804861 0.363281 0.809028 0.362109 0.811111 0.357812 0.811111 0.353906 0.820139 0.353906 0.831250 0.355859 0.834722 0.355859 0.838889 0.354297 0.839583 0.352344 0.845139 0.344141 0.847222 0.339844 0.833333 0.330469 0.833333 0.330469 0.838889 0.326172 0.846528 0.326172 0.850000 0.328125 0.853472 0.331641 0.855556 0.338672 0.855556 0.339844 0.850000 0.349219 0.851389 0.352734 0.859722 0.352734 0.868750 0.347266 0.875000 0.346484 0.946528 0.344141 0.948611 0.344141 0.954167 0.339844 0.963889 0.334375 0.963889 0.332031 0.966667 0.331250 0.986806 0.328125 0.986806 0.326953 0.983333 0.323828 0.983333 0.323828 0.995833 0.326172 0.997222 0.335547 0.997222 0.336719 0.993750 0.338672 0.993750 0.339453 0.982639 0.342578 0.976389 0.342578 0.971528 0.344922 0.970833 0.348047 0.965278 0.348828 0.960417 0.350391 0.959722 0.350391 0.939583 0.348047 0.933333 0.348047 0.920833 0.351172 0.918056 0.351172 0.909028 0.355469 0.903472 0.355469 0.899306 0.358594 0.895833 0.362891 0.884722 0.362891 0.823611 0.372656 0.806944 0.373437 0.733333 0.375781 0.731250 0.375781 0.714583 0.376953 0.713889 0.376953 0.706250 0.380078 0.702778 0.381250 0.698611 0.389453 0.693750 0.389453 0.688194 0.387109 0.686806 0.396094 0.686111 0.399609 0.690972 0.399609 0.695833 0.411719 0.697917 0.421484 0.703472 0.422656 0.706944 0.441797 0.706944 0.443750 0.709722 0.451562 0.713194 0.461719 0.713889 0.471094 0.720139 0.493750 0.720139 0.499219 0.713194 0.499219 0.707639 0.504297 0.697917 0.508984 0.693750 0.512109 0.693750 0.520312 0.679167 0.523438 0.679167 0.525000 0.675000 0.533984 0.665972 0.535547 0.661806 0.687500 0.747917 0.695312 0.760417 0.696875 0.768750 0.699219 0.769444 0.706250 0.782639 0.707812 0.790278 0.710156 0.794444 0.726172 0.806944 0.727344 0.809722 0.735547 0.813889 0.734375 0.817361 0.734375 0.830556 0.738672 0.837500 0.738672 0.841667 0.741016 0.847917 0.741016 0.879167 0.737109 0.891667 0.734375 0.893056 0.733203 0.897222 0.725781 0.897222 0.721484 0.890972 0.701562 0.890972 0.700391 0.887500 0.696484 0.884028 0.688281 0.884028 0.685547 0.885417 0.681641 0.893750 0.675781 0.897222 0.657031 0.897222 0.667188 0.907639 0.674609 0.911111 0.658594 0.934722 0.655078 0.936111 0.653516 0.940278 0.648828 0.941667 0.641797 0.947917 0.641797 0.954861 0.638672 0.964583 0.638672 0.968750 0.634375 0.976389 0.622266 0.978472 0.619531 0.981944 0.618359 0.987500 0.613281 0.987500 0.607031 0.999306 0.626953 0.999306 0.631250 0.997222 0.635547 0.986806 0.641406 0.985417 0.647266 0.977083 0.650391 0.975694 0.660937 0.958333 0.664453 0.958333 0.669531 0.954861 0.672656 0.949306 0.683203 0.943750 0.690625 0.931944 0.707031 0.930556 0.710938 0.931944 0.712109 0.936111 0.727734 0.936111 0.729297 0.931944 0.730859 0.931944 0.734375 0.926389 0.740625 0.928472 0.746094 0.939583 0.748437 0.940278 0.748437 0.943750 0.750391 0.945139 0.755469 0.945139 0.755859 0.939583 0.760547 0.938194 0.764844 0.941667 0.771875 0.941667 0.779297 0.947222 0.782031 0.947222 0.788672 0.931944 0.793750 0.931944 0.798828 0.938889 0.811719 0.950694 0.812109 0.953472 0.831641 0.969444 0.836719 0.981944 0.836719 0.992361 0.841406 0.990972 0.843750 0.985417 0.845703 0.985417 0.850391 0.979167 0.858594 0.979167 0.873047 0.986806 0.880859 0.986806 0.886719 0.993056 0.894531 0.996528 0.894922 0.998611 0.910937 0.995139 0.914844 0.990972 0.917188 0.990972 0.921094 0.985417 0.927734 0.985417 0.930859 0.981250 0.937500 0.981250 0.940234 0.977778 0.953906 0.982639 0.965234 0.998611 0.992578 0.998611 0.999609 0.989583 0.999609 0.936111 0.997656 0.931250 0.992578 0.927083 0.980078 0.927083 0.976172 0.914583 0.979688 0.915278 0.974609 0.906250 0.972656 0.906250 0.969141 0.898611 0.962891 0.898611 0.960938 0.895139 0.958594 0.895139 0.955469 0.889583 0.948438 0.889583 0.945703 0.895139 0.936719 0.891667 0.935937 0.887500 0.933984 0.885417 0.933984 0.860417 0.932813 0.858333 0.932813 0.852778 0.929688 0.849306 0.925391 0.831944 0.925391 0.827083 0.922266 0.827083 0.918750 0.823611 0.913672 0.829167 0.909766 0.830556 0.905469 0.840278 0.900000 0.838194 0.899219 0.845833 0.897266 0.850694 0.892969 0.851389 0.892578 0.853472 0.878125 0.853472 0.876172 0.845139 0.866797 0.834028 0.866797 0.828472 0.867969 0.827083 0.867969 0.815972 0.869141 0.815278 0.869141 0.802083 0.871094 0.798611 0.871094 0.768056 0.870313 0.762500 0.868359 0.762500 0.867969 0.758333 0.865234 0.756944 0.864844 0.753472 0.864062 0.761806 0.866406 0.771528 0.862109 0.763194 0.862109 0.781250 0.864062 0.783333 0.865234 0.788889 0.865234 0.807639 0.863281 0.809028 0.863281 0.813194 0.857812 0.820833 0.857812 0.825694 0.860547 0.822917 0.860938 0.825000 0.854688 0.831944 0.852344 0.838194 0.840625 0.840278 0.840625 0.837500 0.842578 0.837500 0.747266 0.783333 0.744922 0.777778 0.736719 0.776389 0.728906 0.764583 0.721875 0.763194 0.721094 0.759722 0.716406 0.755556 0.707031 0.739583 0.701562 0.734722 0.700391 0.729167 0.689844 0.720833 0.685937 0.714583 0.680859 0.692361 0.680859 0.675000 0.675000 0.659028 0.655469 0.660417 0.642969 0.672222 0.633203 0.673611 0.626953 0.666667 0.622266 0.658333 0.616406 0.656944 0.616016 0.652778 0.596094 0.652778 0.590625 0.645139 0.582422 0.640278 0.579688 0.635417 0.567578 0.625000 0.564844 0.618750 0.550391 0.617361 0.549219 0.615278 0.536328 0.610417 0.529297 0.604167 0.508984 0.605556 0.505859 0.613194 0.518359 0.629861 0.523047 0.631944 0.524609 0.638889 0.522656 0.643750 0.520703 0.641667 0.512891 0.643750 0.508984 0.650694 0.508984 0.654861 0.506641 0.659028 0.486719 0.660417 0.484766 0.663889 0.484766 0.667361 0.476953 0.683333 0.474609 0.698611 0.472656 0.696528 0.472656 0.690972 0.471094 0.688194 0.460156 0.679861 0.458594 0.672222 0.442969 0.672222 0.437500 0.675694 0.436328 0.672222 0.425000 0.670139 0.417578 0.650000 0.408594 0.640972 0.407813 0.612500 0.402734 0.610417 0.400000 0.606250 0.399219 0.591667 0.401172 0.590972 0.403125 0.586111 0.395313 0.588194 0.391016 0.581250 0.376172 0.580556 0.364063 0.561111 0.357812 0.559722 0.351953 0.552083 0.333203 0.552083 0.328125 0.557639 0.307812 0.557639 0.303516 0.550000 0.299219 0.547917 0.297266 0.544444 0.286719 0.542361 0.264453 0.519444 0.262109 0.513889 0.252734 0.504861 0.247266 0.504861 0.247266 0.507639 0.244531 0.509722 0.242969 0.513889 0.235547 0.518056 0.220703 0.518056 0.213281 0.512500 0.206641 0.498611 0.201172 0.492361 0.202344 0.485417 0.201172 0.485417 0.205469 0.477778 0.205469 0.472222 0.207813 0.470139 0.208984 0.461111 0.210938 0.459028 0.210938 0.447917 0.214453 0.439583 0.217188 0.436111 0.220312 0.436111 0.225781 0.422917 0.230078 0.422917 0.230469 0.418750 0.239453 0.418750 0.241016 0.413194 0.242969 0.413194 0.249219 0.402083 0.250391 0.396528 0.254688 0.396528 0.256641 0.394444 0.256641 0.379861 0.258594 0.377778 0.258594 0.374306 0.262109 0.366667 0.268359 0.359028 0.268359 0.336111 0.271484 0.332639 0.272656 0.326389 0.278516 0.314583 0.288672 0.300000 0.291797 0.300000 0.304688 0.286806 0.307812 0.286806 0.309766 0.281250 0.316797 0.277778 0.318359 0.273611 0.320312 0.273611 0.323437 0.268056 0.325781 0.251389 0.323828 0.251389 0.321484 0.247222 0.321484 0.236111 0.323828 0.229861 0.329297 0.229861 0.332422 0.226389 0.336328 0.226389 0.339062 0.219444 0.341797 0.218750 0.343750 0.215278 0.343750 0.211806 0.346094 0.209028 0.347266 0.201389 0.365234 0.192361 0.366016 0.172222 0.368359 0.167361 0.380078 0.158333 0.382422 0.154167 0.388672 0.150694 0.392969 0.143056 0.394922 0.143056 0.394922 0.139583 0.398047 0.137500 0.398438 0.133333 0.401172 0.131944 0.402734 0.127778 0.404297 0.127778 0.407813 0.122222 0.408594 0.116667 0.411719 0.111111 0.415234 0.111111 0.421484 0.105556 0.422266 0.102778 0.428125 0.101389 0.430859 0.097917 0.435547 0.097917 0.442188 0.111111 0.451172 0.111111 0.453906 0.103472 0.459766 0.101389 0.467187 0.110417 0.469531 0.116667 0.488672 0.118056 0.492578 0.114583 0.496094 0.114583 0.498047 0.111111 0.512109 0.104861 0.516406 0.099306 0.547266 0.097917 0.551562 0.103472 0.551562 0.111111 0.564063 0.109028 0.567578 0.105556 0.577734 0.101389 0.601953 0.101389 0.604297 0.103472 0.615234 0.104861 0.619141 0.111806 0.626563 0.118056 0.628906 0.122222 0.635938 0.125694 0.670312 0.125694 0.675781 0.129861 0.682422 0.140972 0.688281 0.143056 0.717187 0.140972 0.734766 0.166667 0.737500 0.186111 0.744922 0.200000 0.748437 0.200000 0.750391 0.203472 0.757031 0.204861 0.763672 0.210417 0.769141 0.222222 0.771484 0.222222 0.775000 0.230556 0.794922 0.261806 0.810937 0.261806 0.822266 0.267361 0.822656 0.269444 0.825781 0.269444 0.833203 0.277083 0.836328 0.277083 0.836719 0.281250 0.839453 0.281250 0.853906 0.306250 0.858594 0.307639 0.859766 0.311111 0.866406 0.313194 0.872266 0.320139 0.873828 0.324306 0.875391 0.324306 0.880078 0.336111 0.883203 0.337500 0.895703 0.354167 0.901563 0.366667 0.906641 0.383333 0.913672 0.397917 0.916016 0.400000 0.916016 0.384028 0.917188 0.383333 0.919141 0.386806 0.916797 0.377778 0.916016 0.379861 0.901172 0.353472 0.896875 0.340278 0.896875 0.334722 0.880078 0.321528 0.875781 0.313889 0.876563 0.309722 0.871484 0.298611 0.862891 0.290972 0.857812 0.281944 0.844922 0.268750 0.840625 0.261111 0.836328 0.261111 0.833203 0.256944 0.825000 0.255556 0.819531 0.251389 0.819141 0.245833 0.817187 0.243750 0.804688 0.243750 0.801172 0.237500 0.800000 0.231944 0.800000 0.206250 0.798047 0.206250 0.786328 0.219444 0.771875 0.217361 0.771484 0.211806 0.769531 0.211806 0.767969 0.209028 0.767969 0.205556 0.766016 0.203472 0.764844 0.197917 0.761719 0.193056 0.760156 0.193056 0.758203 0.188194 0.751172 0.181250 0.747266 0.179861 0.744922 0.173611 0.740234 0.167361 0.736328 0.158333 0.736328 0.152778 0.732031 0.141667 0.727734 0.139583 0.725781 0.136111 0.722266 0.136111 0.711719 0.125000 0.691797 0.125000 0.683984 0.113194 0.678516 0.109722 0.667188 0.109722 0.662500 0.104167 0.622656 0.104167 0.621484 0.100000 0.616406 0.098611 0.612109 0.088889 0.607031 0.083333 0.576953 0.083333 0.573438 0.077083 0.568359 0.073611 0.538281 0.075694 0.533594 0.081250 0.504297 0.082639 0.502344 0.073611 0.497266 0.073611 0.493750 0.085417 0.483203 0.086806 0.476953 0.094444 0.475781 0.093750 0.472266 0.080556 0.466016 0.079167 0.464453 0.075694 0.439453 0.081250 0.434766 0.086806 0.432422 0.086806 0.430078 0.082639 0.430859 0.077778 0.422266 0.080556 0.417187 0.088889 0.410938 0.088889 0.401562 0.098611 0.397266 0.111111 0.396484 0.118056 0.391797 0.125000 0.383203 0.128472 0.375781 0.138194 0.371484 0.138194 0.367578 0.143750 0.367578 0.149306 0.365625 0.155556 0.360938 0.154861 0.354687 0.160417 0.353906 0.162500 0.364844 0.154861 0.364063 0.161111 0.345703 0.181250 0.334375 0.183333 0.331641 0.195833 0.319531 0.213889 0.314453 0.213889 0.308984 0.220833 0.308984 0.245833 0.297266 0.264583 0.292578 0.265972 0.291797 0.270139 0.282422 0.272222 0.279297 0.298611 0.278125 0.300694 0.270703 0.300694 0.262500 0.313194 0.261328 0.320833 0.258984 0.322917 0.258984 0.329167 0.255078 0.345833 0.255078 0.362500 0.252734 0.368056 0.249609 0.384722 0.235547 0.390972 0.219531 0.421528 0.214453 0.425000 0.213281 0.433333 0.204687 0.454167 0.203906 0.464583 0.201563 0.466667 0.198437 0.477778 0.198437 0.486806 0.189844 0.489583 0.188672 0.491667 0.160938 0.489583 0.157422 0.493056 0.153906 0.493056 0.153516 0.489583 0.147656 0.484028 0.145313 0.478472 0.132422 0.468750 0.126562 0.468750 0.121094 0.474306 0.118750 0.474306 0.116016 0.482639 0.113281 0.485417 0.108984 0.472917 0.089453 0.474306 0.086719 0.472917 0.084766 0.468750 0.075000 0.463194 0.073828 0.459028 0.067578 0.457639 0.067578 0.470139 0.068750 0.472222 0.066406 0.475000 0.066406 0.468750 0.064062 0.464583 0.064062 0.444444 0.066406 0.438194 0.066406 0.422917 0.056641 0.406250 0.056641 0.384722 0.057813 0.377778 0.061328 0.373611 0.063672 0.367361 0.068359 0.362500 0.068359 0.349306 0.072656 0.331944 0.075781 0.327083 0.075781 0.305556 0.080859 0.293750 0.083203 0.281250 0.091797 0.270139 0.091797 0.239583 0.088672 0.230556 0.087891 0.208333 0.087891 0.226389 0.086719 0.231944 0.083594 0.236111 0.083594 0.243056 0.081641 0.245139 0.081641 0.261806 0.080469 0.262500 0.080469 0.270139 0.078516 0.273611 0.077344 0.281250 0.074219 0.287500 0.074219 0.303472 0.071094 0.309722 0.071094 0.313194 0.068750 0.315278 0.068750 0.319444 0.065625 0.325000 0.064453 0.332639 0.059375 0.341667 0.058594 0.346528 0.056641 0.347917 0.056250 0.363889 0.053516 0.366667 0.050781 0.373611 0.050781 0.386806 0.053906 0.396528 0.053906 0.404167 0.051953 0.406250 0.051953 0.413194 0.050781 0.415278 0.050781 0.427083 0.054297 0.433333 0.055078 0.439583 0.057031 0.440278 0.059375 0.462500 0.057813 0.465278 0.055078 0.465278 0.049609 0.461111 0.036719 0.461111 0.035547 0.463194 0.026172 0.463194 0.024219 0.466667 0.019922 0.466667 0.016406 0.470833
0 0.144531 0.062500 0.139063 0.064583 0.126953 0.081250 0.125781 0.085417 0.123047 0.086806 0.121484 0.090972 0.116797 0.095833 0.116406 0.098611 0.110547 0.101389 0.109375 0.111111 0.107031 0.111806 0.107031 0.115278 0.102344 0.122917 0.100781 0.122917 0.100391 0.126389 0.095312 0.128472 0.093359 0.137500 0.086719 0.151389 0.086719 0.184722 0.087891 0.197222 0.088672 0.181250 0.090625 0.177778 0.090625 0.156944 0.091797 0.150694 0.095312 0.145139 0.097266 0.145139 0.097266 0.141667 0.104297 0.134028 0.107031 0.127778 0.108984 0.127778 0.112109 0.122222 0.117188 0.122222 0.117188 0.118750 0.120703 0.112500 0.121484 0.107639 0.124609 0.104167 0.124609 0.094444 0.128125 0.086111 0.138672 0.075000
0 0.155469 0.057639 0.161328 0.063889 0.184766 0.065278 0.190625 0.060417 0.168750 0.060417 0.167578 0.056944
0 0.203125 0.047222 0.197266 0.058333 0.194141 0.059722 0.199219 0.059722
0 0.208594 0.037500 0.203906 0.045833 0.205859 0.044444
