0 0.615625 0.529167 0.619531 0.531944 0.622266 0.525694 0.623828 0.525694 0.630469 0.531944 0.632422 0.537500 0.636719 0.538194 0.637109 0.536111 0.641797 0.532639 0.643750 0.524306 0.641797 0.524306 0.639844 0.529861 0.637109 0.529861 0.634375 0.525694 0.632031 0.525694 0.628906 0.529861 0.621484 0.520833 0.619922 0.515972 0.616016 0.525000
0 0.628125 0.497917 0.626953 0.504861 0.629687 0.504861 0.632812 0.508333 0.641797 0.506250 0.646875 0.517361 0.646094 0.499306 0.642969 0.500000 0.641406 0.504167 0.639062 0.499306 0.637500 0.502778 0.633984 0.499306 0.633984 0.492361 0.631250 0.498611
0 0.604688 0.481250 0.608594 0.489583 0.612891 0.491667 0.620703 0.492361 0.625391 0.489583 0.621875 0.488194 0.619531 0.481250 0.616797 0.481250 0.617969 0.477083 0.614453 0.477083 0.612500 0.480556 0.612891 0.484028 0.611328 0.484028 0.610547 0.481250
0 0.489844 0.472222 0.484375 0.472917 0.482031 0.475694 0.489063 0.478472
0 0.567187 0.465972 0.567187 0.468750 0.570703 0.470139 0.573047 0.475694 0.576172 0.475694 0.578125 0.470833 0.582812 0.469444 0.582422 0.465972 0.578516 0.466667 0.574609 0.457639 0.573438 0.464583
0 0.595313 0.456944 0.589453 0.468750 0.587109 0.470139 0.587109 0.474306 0.592187 0.474306 0.594922 0.478472 0.598828 0.479167 0.596875 0.469444 0.596875 0.456944
0 0.835938 0.452778 0.833984 0.449306 0.826562 0.450000 0.822656 0.454167 0.819141 0.454861 0.811719 0.464583 0.800000 0.456250 0.796484 0.461111 0.793750 0.460417 0.792969 0.465278 0.789844 0.465972 0.789062 0.460417 0.790234 0.456250 0.787500 0.456250 0.788672 0.468056 0.785937 0.466667 0.783594 0.470139 0.781250 0.468056 0.780859 0.464583 0.784766 0.461806 0.785547 0.458333 0.783203 0.458333 0.780078 0.462500 0.773438 0.456250 0.772266 0.462500 0.771484 0.449306 0.767578 0.459722 0.761719 0.465972 0.759766 0.465278 0.757422 0.468056 0.754687 0.465972 0.750391 0.468750 0.748047 0.463889 0.743359 0.465972 0.741406 0.462500 0.730859 0.484028 0.718359 0.484028 0.716797 0.488194 0.713672 0.490972 0.708203 0.490278 0.704297 0.493750 0.687109 0.495833 0.685937 0.492361 0.687891 0.485417 0.687500 0.477778 0.685156 0.481250 0.683984 0.493750 0.681250 0.495139 0.677344 0.501389 0.674609 0.501389 0.670703 0.491667 0.670703 0.488194 0.675000 0.482639 0.676172 0.478472 0.675781 0.454861 0.674219 0.478472 0.669141 0.487500 0.669141 0.496528 0.670312 0.500694 0.666016 0.502083 0.662500 0.510417 0.655859 0.513889 0.656250 0.519444 0.659766 0.520139 0.667578 0.511111 0.674609 0.512500 0.678906 0.507639 0.694531 0.508333 0.699609 0.506250 0.702344 0.509722 0.704688 0.505556 0.710156 0.505556 0.712500 0.499306 0.719141 0.495139 0.723047 0.488194 0.732422 0.486806 0.735547 0.477083 0.739062 0.471528 0.745313 0.468750 0.752344 0.475000 0.751172 0.481250 0.751953 0.495833 0.748437 0.503472 0.743750 0.506250 0.747656 0.506944 0.752734 0.497222 0.756250 0.497222 0.757031 0.490278 0.756641 0.483333 0.754297 0.480556 0.755078 0.475694 0.757812 0.476389 0.758594 0.472222 0.767578 0.467361 0.775391 0.459722 0.779297 0.464583 0.779297 0.474306 0.778125 0.480556 0.771094 0.489583 0.771094 0.491667 0.772266 0.491667 0.777344 0.485417 0.778516 0.487500 0.776953 0.490278 0.780859 0.484722 0.785937 0.482639 0.790625 0.475000 0.794922 0.475694 0.798047 0.469444 0.799219 0.470139 0.799609 0.474306 0.805469 0.472917 0.805078 0.469444 0.806250 0.467361 0.814063 0.468750 0.815625 0.471528 0.815234 0.476389 0.819531 0.475000 0.825781 0.467361 0.826172 0.463194 0.826562 0.465972 0.832422 0.464583 0.835938 0.456944
0 0.562500 0.461806 0.561719 0.458333 0.556250 0.451389 0.554688 0.443056 0.552344 0.443056 0.551172 0.448611 0.547266 0.448611 0.544922 0.446528 0.543750 0.442361 0.538672 0.442361 0.535547 0.450000 0.532422 0.450694 0.529297 0.454861 0.525781 0.453472 0.523438 0.459722 0.517188 0.457639 0.516797 0.454167 0.518359 0.452083 0.515625 0.452083 0.514453 0.456944 0.508984 0.461111 0.505859 0.461111 0.505078 0.458333 0.503906 0.462500 0.501563 0.461111 0.498828 0.465972 0.496484 0.463194 0.496484 0.460417 0.500000 0.456944 0.500000 0.454167 0.489844 0.453472 0.488672 0.456250 0.495312 0.459722 0.495312 0.463889 0.491797 0.469444 0.501953 0.465278 0.508594 0.465278 0.513281 0.469444 0.517188 0.469444 0.517969 0.472917 0.519531 0.472917 0.521875 0.466667 0.532031 0.469444 0.533984 0.461111 0.538672 0.461111 0.539453 0.455556 0.541797 0.454861 0.543750 0.450000 0.550391 0.450000 0.552734 0.455556 0.551562 0.459028
0 0.999219 0.444444 0.995703 0.442361 0.992969 0.447222 0.988281 0.446528 0.986719 0.441667 0.984375 0.444444 0.982812 0.439583 0.980469 0.438889 0.972266 0.450694 0.968750 0.449306 0.967187 0.444444 0.964844 0.444444 0.963281 0.449306 0.958203 0.453472 0.955469 0.453472 0.953125 0.450694 0.953516 0.444444 0.950000 0.445833 0.948828 0.442361 0.947266 0.446528 0.941406 0.448611 0.938672 0.456944 0.931250 0.457639 0.935937 0.458333 0.941016 0.462500 0.943750 0.457639 0.950391 0.453472 0.962109 0.456944 0.959375 0.463889 0.953906 0.468750 0.953906 0.474306 0.950000 0.479861 0.950391 0.481250 0.953906 0.478472 0.957422 0.470139 0.962891 0.464583 0.964453 0.458333 0.969531 0.452778 0.983203 0.455556 0.986328 0.450000 0.988672 0.450000 0.999219 0.457639
0 0.434766 0.446528 0.431641 0.438194 0.430469 0.438889 0.429688 0.445139 0.425000 0.452083 0.419141 0.448611 0.417969 0.443750 0.416016 0.443056 0.412500 0.450000 0.408203 0.451389 0.408203 0.457639 0.404687 0.463889 0.406641 0.467361 0.407422 0.462500 0.410156 0.462500 0.410547 0.456250 0.414062 0.456944 0.418359 0.461806 0.421484 0.461111 0.421094 0.456250 0.425781 0.457639 0.424609 0.459722 0.425000 0.463889 0.429688 0.465278 0.429688 0.458333 0.435156 0.454861
0 0.404297 0.443056 0.396484 0.438194 0.394141 0.446528 0.392188 0.448611 0.387109 0.435417 0.380078 0.440972 0.372266 0.440972 0.369922 0.445139 0.367969 0.454861 0.353906 0.457639 0.348047 0.466667 0.342578 0.467361 0.347656 0.474306 0.355859 0.477083 0.356641 0.470833 0.363672 0.461111 0.371094 0.463194 0.387500 0.449306 0.399219 0.454861 0.403125 0.450000
0 0.483203 0.452083 0.482031 0.448611 0.482031 0.439583 0.479297 0.427778 0.477344 0.436806 0.473047 0.443750 0.469141 0.443750 0.464062 0.440278 0.460156 0.444444 0.451562 0.449306 0.451953 0.454167 0.444141 0.453472 0.438672 0.447917 0.437500 0.450000 0.437500 0.458333 0.475000 0.459028 0.482031 0.461111 0.480859 0.456944
0 0.253516 0.427083 0.250000 0.428472 0.250000 0.434028 0.248438 0.436806 0.250000 0.445139 0.251953 0.443750 0.251953 0.437500 0.256250 0.434028
0 0.930859 0.436111 0.925781 0.438889 0.919922 0.438889 0.916406 0.434028 0.907422 0.435417 0.907422 0.426389 0.900391 0.439583 0.892578 0.437500 0.892188 0.435417 0.896094 0.429167 0.892578 0.428472 0.889844 0.422222 0.883984 0.425694 0.883594 0.442361 0.882422 0.441667 0.882031 0.437500 0.880078 0.437500 0.876172 0.442361 0.873437 0.443056 0.871875 0.440972 0.871484 0.435417 0.864844 0.439583 0.857031 0.454167 0.851562 0.451389 0.844531 0.465278 0.842969 0.465972 0.842969 0.473611 0.844922 0.472222 0.854297 0.474306 0.857812 0.468750 0.858203 0.463889 0.863281 0.465278 0.867969 0.463194 0.872656 0.458333 0.875000 0.446528 0.877734 0.447222 0.876563 0.452778 0.877344 0.456250 0.887500 0.455556 0.889453 0.451389 0.889453 0.446528 0.888281 0.445833 0.889062 0.441667 0.901563 0.443750 0.906250 0.449306 0.910547 0.449306 0.910937 0.447222 0.916406 0.446528 0.918359 0.443750 0.923438 0.443750 0.928516 0.448611 0.930859 0.448611
0 0.287500 0.434722 0.293359 0.439583 0.303125 0.437500 0.304688 0.453472 0.309375 0.462500 0.315625 0.461806 0.321094 0.464583 0.329688 0.459722 0.337500 0.460417 0.329297 0.445833 0.328516 0.441667 0.325781 0.454167 0.321875 0.453472 0.319531 0.450694 0.312891 0.452083 0.310156 0.449306 0.305078 0.431944 0.296094 0.422222 0.294922 0.416667 0.292578 0.418750 0.290625 0.432639
0 0.238281 0.404167 0.243359 0.414583 0.249219 0.416667 0.248438 0.422917 0.254688 0.419444 0.258594 0.423611 0.262500 0.423611 0.265234 0.427778 0.278516 0.427778 0.281641 0.425000 0.280078 0.416667 0.275000 0.409722 0.273047 0.413194 0.269531 0.413194 0.262891 0.417361 0.260156 0.421528 0.253906 0.413889 0.245312 0.413194 0.243750 0.410417 0.245312 0.402778
0 0.208594 0.379167 0.204297 0.377778 0.203125 0.375000 0.203516 0.370139 0.197266 0.375000 0.191797 0.372222 0.186328 0.372917 0.183594 0.376389 0.175391 0.375000 0.173828 0.384028 0.167187 0.392361 0.166797 0.397222 0.168750 0.397222 0.172656 0.391667 0.180078 0.390972 0.183203 0.387500 0.206641 0.386111 0.206250 0.381250
0 0.216406 0.366667 0.215234 0.368750 0.215234 0.376389 0.212109 0.384028 0.211719 0.388889 0.223828 0.397917 0.230078 0.395833 0.230859 0.390278 0.229297 0.386806 0.225000 0.386806 0.218359 0.390972 0.216406 0.383333 0.216406 0.374306 0.219922 0.369444 0.219922 0.365972
0 0.108984 0.377778 0.103125 0.374306 0.095312 0.377083 0.092188 0.373611 0.091797 0.363194 0.087500 0.363194 0.083203 0.370833 0.078516 0.372917 0.073828 0.382639 0.068750 0.386806 0.064844 0.386806 0.063672 0.384722 0.064844 0.367361 0.062500 0.364583 0.060156 0.380556 0.053906 0.395833 0.044922 0.397222 0.041016 0.392361 0.035547 0.408333 0.028516 0.416667 0.023047 0.416667 0.021484 0.413889 0.007031 0.413194 0.001563 0.418056 0.000781 0.431944 0.004687 0.430556 0.005469 0.434028 0.013672 0.433333 0.018750 0.439583 0.030078 0.438889 0.032031 0.436806 0.032031 0.432639 0.037500 0.425694 0.051562 0.427778 0.057813 0.415278 0.063672 0.408333 0.080078 0.406944 0.095312 0.386111 0.103125 0.379861
0 0.165625 0.380556 0.156641 0.370833 0.153906 0.365278 0.153516 0.361111 0.150391 0.368056 0.149219 0.379167 0.147266 0.384028 0.137500 0.375000 0.136328 0.369444 0.131250 0.381250 0.123828 0.380556 0.121875 0.378472 0.121484 0.390278 0.117969 0.388194 0.114062 0.374306 0.112500 0.377083 0.111719 0.386111 0.114062 0.388194 0.114062 0.395833 0.121875 0.400694 0.123438 0.395139 0.128516 0.394444 0.135937 0.388889 0.143750 0.388889 0.147266 0.385417 0.149219 0.385417 0.152344 0.391667 0.159375 0.393056 0.160547 0.388194 0.165625 0.385417
