0 0.749609 0.965278 0.748047 0.965278 0.744922 0.970833 0.744922 0.973611 0.746875 0.972222
0 0.298047 0.825000 0.295312 0.828472 0.296875 0.828472
0 0.220312 0.815278 0.219531 0.811806 0.214844 0.807639 0.202734 0.800694 0.173437 0.802778 0.168750 0.806250 0.168359 0.808333 0.163281 0.808333 0.161328 0.811806 0.147656 0.811806 0.132812 0.806250 0.132812 0.809722 0.134766 0.813194 0.141016 0.816667 0.176953 0.815278 0.178516 0.811111 0.180078 0.811111 0.181641 0.806944 0.185547 0.803472 0.201563 0.803472 0.204687 0.807639 0.207813 0.807639 0.212500 0.815278
0 0.127344 0.797222 0.127344 0.802083 0.128906 0.802083
0 0.610938 0.788889 0.610938 0.807639 0.612891 0.809028 0.618750 0.821528 0.619531 0.843750 0.621875 0.850000 0.621875 0.929861 0.628125 0.940278 0.628125 0.968750 0.626563 0.972917 0.622656 0.974306 0.620703 0.983333 0.620703 0.995833 0.622266 0.989583 0.626563 0.983333 0.626563 0.977778 0.628906 0.972222 0.629687 0.957639 0.632031 0.947917 0.633984 0.945833 0.633203 0.923611 0.629687 0.918750 0.625781 0.906250 0.626563 0.834028 0.625781 0.830556 0.622266 0.826389 0.621484 0.819444 0.616016 0.811111 0.616016 0.794444
0 0.107422 0.759028 0.113281 0.773611 0.125781 0.784028 0.125781 0.775694 0.121875 0.775000 0.114844 0.763889
0 0.229687 0.815972 0.236719 0.824306 0.246094 0.826389 0.248047 0.829861 0.251563 0.829861 0.254688 0.834028 0.264062 0.834028 0.264453 0.831944 0.272656 0.828472 0.273047 0.836111 0.275000 0.839583 0.276953 0.839583 0.276953 0.836111 0.280469 0.829861 0.288672 0.829861 0.297266 0.822222 0.300000 0.822222 0.298828 0.824306 0.300391 0.824306 0.300391 0.817361 0.302344 0.815278 0.309766 0.816667 0.310156 0.820833 0.313281 0.822917 0.313281 0.828472 0.314453 0.829167 0.314453 0.843750 0.319141 0.862500 0.320703 0.877083 0.323047 0.881250 0.323047 0.913194 0.330469 0.923611 0.330469 0.952083 0.333594 0.962500 0.333594 0.968056 0.334766 0.968750 0.334766 0.990972 0.339062 0.994444 0.356641 0.994444 0.355859 0.977083 0.353906 0.976389 0.347266 0.965972 0.343750 0.964583 0.343750 0.957639 0.346094 0.951389 0.349219 0.951389 0.350391 0.947222 0.355469 0.947222 0.355469 0.930556 0.348828 0.923611 0.341797 0.922917 0.340625 0.919444 0.340625 0.902083 0.343750 0.896528 0.343750 0.892361 0.337891 0.886806 0.331641 0.884028 0.325781 0.873611 0.325781 0.831944 0.321484 0.820833 0.321484 0.815972 0.319531 0.813889 0.319531 0.809722 0.318359 0.809722 0.316016 0.803472 0.316016 0.786806 0.318359 0.777083 0.320312 0.775000 0.320312 0.770139 0.321484 0.769444 0.321484 0.754861 0.319141 0.750694 0.320312 0.748611 0.318750 0.744444 0.319531 0.748611 0.317578 0.749306 0.317578 0.751389 0.313281 0.756944 0.313281 0.761806 0.310937 0.763194 0.310156 0.775694 0.308203 0.779167 0.308203 0.800000 0.303516 0.804167 0.301563 0.808333 0.283203 0.808333 0.282422 0.813889 0.277344 0.825694 0.270703 0.827083 0.269922 0.829167 0.264453 0.829167 0.264062 0.832639 0.262500 0.832639 0.255469 0.820833 0.255469 0.812500 0.252344 0.815972
0 0.985938 0.742361 0.975781 0.749306 0.969141 0.759028 0.956250 0.759028 0.951172 0.761111 0.947656 0.770833 0.941797 0.779861 0.941797 0.783333 0.939844 0.785417 0.938281 0.791667 0.934375 0.796528 0.919922 0.795139 0.908594 0.811806 0.889453 0.813889 0.882031 0.829167 0.878516 0.829167 0.872656 0.840278 0.860938 0.840278 0.859375 0.844444 0.853516 0.847917 0.844922 0.847917 0.837500 0.842361 0.831250 0.842361 0.823828 0.832639 0.819531 0.830556 0.805469 0.830556 0.801172 0.825000 0.789453 0.825000 0.787500 0.822917 0.763281 0.822917 0.758203 0.830556 0.755469 0.830556 0.751172 0.822917 0.747266 0.822917 0.740625 0.830556 0.732031 0.832639 0.728906 0.829861 0.725781 0.819444 0.723437 0.819444 0.717187 0.811806 0.702344 0.811806 0.700391 0.808333 0.694141 0.806250 0.693750 0.802778 0.691797 0.802778 0.688281 0.796528 0.674219 0.796528 0.666406 0.789583 0.665625 0.786806 0.651563 0.781944 0.649609 0.777083 0.645703 0.775694 0.641797 0.766667 0.637500 0.766667 0.628125 0.779861 0.624609 0.777778 0.616406 0.777778 0.614062 0.781944 0.610156 0.781944 0.623828 0.782639 0.630078 0.788194 0.635156 0.788194 0.635156 0.777778 0.637500 0.775000 0.641797 0.775000 0.647266 0.781250 0.650391 0.781250 0.657031 0.794444 0.659766 0.794444 0.660156 0.802083 0.663281 0.807639 0.675781 0.805556 0.688672 0.824306 0.696094 0.826389 0.705469 0.824306 0.706641 0.828472 0.709766 0.829861 0.712109 0.836111 0.720313 0.837500 0.723828 0.841667 0.725000 0.862500 0.728906 0.865972 0.730859 0.860417 0.734375 0.860417 0.740625 0.865972 0.744141 0.872222 0.744141 0.883333 0.746094 0.883333 0.750781 0.891667 0.753516 0.906944 0.753516 0.923611 0.751563 0.938889 0.754687 0.947917 0.754687 0.963194 0.743750 0.981944 0.742578 0.981250 0.742578 0.977778 0.744141 0.975000 0.737891 0.981250 0.742578 0.981250 0.742969 0.996528 0.744141 0.998611 0.748047 0.998611 0.750000 0.996528 0.750000 0.993056 0.759766 0.977778 0.760547 0.972917 0.760547 0.949306 0.757422 0.941667 0.757422 0.893056 0.755469 0.893056 0.751953 0.884722 0.751172 0.868056 0.754297 0.862500 0.755469 0.852778 0.757812 0.852778 0.769141 0.843750 0.769141 0.838194 0.770703 0.834028 0.779687 0.843056 0.809766 0.845139 0.811719 0.841667 0.819141 0.841667 0.830859 0.850694 0.883984 0.849306 0.888281 0.841667 0.888281 0.836111 0.893750 0.824306 0.904297 0.824306 0.906641 0.818750 0.909766 0.818750 0.910937 0.815278 0.919141 0.815278 0.920312 0.813194 0.930078 0.811111 0.936328 0.803472 0.942578 0.802083 0.953516 0.780556 0.962500 0.775694 0.964844 0.771528 0.973437 0.765972 0.981641 0.756944 0.981641 0.753472 0.985156 0.748611
0 0.993359 0.730556 0.991016 0.731944 0.986719 0.740972 0.990625 0.740972 0.990234 0.738194
0 0.998828 0.728472 0.997656 0.726389 0.997266 0.730556 0.994922 0.728472 0.994141 0.729861 0.995703 0.730556 0.992969 0.734028 0.991406 0.739583 0.994531 0.739583 0.997656 0.736111 0.997656 0.729861
0 0.094531 0.721528 0.094531 0.724306 0.096094 0.725694 0.096094 0.722917
0 0.089063 0.656944 0.084766 0.675000 0.084766 0.680556 0.085547 0.679167 0.085547 0.673611 0.090234 0.664583 0.090234 0.720833 0.089063 0.739583 0.101953 0.754167 0.099609 0.747917 0.096094 0.743750 0.091797 0.731944 0.091797 0.720833 0.094141 0.720139 0.091797 0.711111 0.091797 0.667361
0 0.681250 0.272917 0.684375 0.278472 0.686328 0.278472 0.685156 0.272917
0 0.678125 0.269444 0.673828 0.270833 0.664062 0.284722 0.662109 0.289583 0.660547 0.304861 0.658203 0.309722 0.653906 0.313889 0.652734 0.317361 0.644922 0.322222 0.643750 0.328472 0.635547 0.340972 0.631250 0.350694 0.625000 0.354167 0.621875 0.359722 0.621875 0.363194 0.616406 0.372917 0.616406 0.385417 0.610547 0.396528 0.592578 0.403472 0.581250 0.413194 0.575781 0.413194 0.573828 0.416667 0.569531 0.416667 0.567187 0.420833 0.557813 0.420833 0.557813 0.438889 0.560156 0.440972 0.560156 0.450694 0.557813 0.456250 0.555859 0.471528 0.553516 0.479167 0.553516 0.486806 0.551562 0.491667 0.551562 0.495833 0.542969 0.509028 0.542969 0.513194 0.538672 0.520833 0.532422 0.520833 0.528906 0.513194 0.525781 0.511111 0.520312 0.495833 0.519141 0.480556 0.517188 0.478472 0.517188 0.463889 0.515625 0.463194 0.507422 0.446528 0.504687 0.445139 0.500781 0.436111 0.500000 0.429167 0.493750 0.416667 0.493750 0.412500 0.491797 0.409028 0.491797 0.403472 0.484375 0.386111 0.482031 0.384028 0.477734 0.372917 0.477734 0.367361 0.474609 0.363194 0.474609 0.355556 0.472656 0.345139 0.469531 0.356250 0.469531 0.372917 0.473047 0.380556 0.475000 0.380556 0.480469 0.390278 0.483203 0.400694 0.486719 0.406944 0.488672 0.415972 0.497266 0.431250 0.497266 0.443056 0.499609 0.448611 0.500391 0.461806 0.513281 0.475000 0.514453 0.479167 0.513281 0.499306 0.515234 0.502778 0.518359 0.502778 0.523828 0.507639 0.523047 0.525000 0.526172 0.531944 0.526172 0.599306 0.523828 0.603472 0.521875 0.622222 0.514453 0.656250 0.515234 0.679167 0.517578 0.682639 0.518359 0.690278 0.520703 0.694444 0.520703 0.705556 0.532031 0.714583 0.538672 0.724306 0.548828 0.729861 0.561328 0.731250 0.562109 0.741667 0.564063 0.743056 0.568359 0.752778 0.587500 0.754167 0.591016 0.760417 0.592969 0.760417 0.598828 0.772222 0.603906 0.775000 0.601172 0.769444 0.601172 0.763889 0.598047 0.756944 0.598047 0.752778 0.594922 0.743750 0.592578 0.741667 0.575781 0.741667 0.571484 0.734028 0.570312 0.722917 0.564844 0.713889 0.560937 0.713889 0.560156 0.718750 0.558594 0.719444 0.556641 0.725000 0.546094 0.725000 0.544141 0.715972 0.539844 0.713889 0.535156 0.700000 0.526563 0.688194 0.526563 0.683333 0.524609 0.679861 0.524609 0.673611 0.522656 0.668750 0.522656 0.641667 0.530859 0.626389 0.530859 0.592361 0.532031 0.590278 0.530859 0.549306 0.532031 0.546528 0.537109 0.545139 0.538281 0.539583 0.540625 0.537500 0.541406 0.526389 0.543750 0.524306 0.543750 0.518056 0.546094 0.508333 0.551953 0.501389 0.554297 0.501389 0.555859 0.497222 0.561719 0.495833 0.570703 0.483333 0.571484 0.467361 0.569141 0.461806 0.567187 0.450694 0.567187 0.439583 0.571094 0.437500 0.571875 0.432639 0.581250 0.421528 0.589844 0.414583 0.599219 0.414583 0.601172 0.410417 0.606250 0.406944 0.614062 0.406944 0.617188 0.399306 0.617188 0.388194 0.619141 0.387500 0.619141 0.382639 0.617578 0.385417 0.617188 0.384028 0.619531 0.381250 0.619922 0.376389 0.623437 0.367361 0.623828 0.372222 0.628125 0.366667 0.633203 0.365278 0.637500 0.359722 0.637500 0.355556 0.639453 0.350000 0.646875 0.336806 0.649219 0.336806 0.653516 0.327083 0.658594 0.327083 0.662500 0.322917 0.675781 0.300694 0.678906 0.289583 0.678906 0.272917 0.680469 0.272222
0 0.451562 0.265972 0.452734 0.276389 0.454688 0.278472 0.454688 0.295139 0.457813 0.304861 0.458984 0.321528 0.471484 0.344444 0.471484 0.337500 0.472656 0.338194 0.472656 0.335417 0.464062 0.316667 0.461719 0.315972 0.460938 0.309028 0.458594 0.306250 0.458594 0.279861 0.456250 0.277778 0.455469 0.272917 0.452734 0.270139
0 0.662109 0.250000 0.662500 0.252083 0.671484 0.259028 0.694922 0.259028 0.696875 0.255556 0.702344 0.255556 0.711719 0.242361 0.715234 0.242361 0.722266 0.236806 0.725000 0.230556 0.736328 0.229167 0.736719 0.225000 0.746484 0.225000 0.752344 0.219444 0.757812 0.217361 0.775781 0.215972 0.779687 0.224306 0.790625 0.234722 0.796875 0.243750 0.797266 0.246528 0.806641 0.253472 0.807422 0.258333 0.814063 0.270833 0.820312 0.272222 0.830078 0.281944 0.833594 0.288194 0.850000 0.289583 0.852344 0.295139 0.852344 0.302778 0.853516 0.302778 0.855859 0.309028 0.855859 0.315972 0.864453 0.327778 0.872656 0.331250 0.876172 0.341667 0.887500 0.340278 0.899219 0.346528 0.902734 0.346528 0.906641 0.350000 0.908594 0.355556 0.912891 0.357639 0.921484 0.368750 0.929688 0.368750 0.930859 0.373611 0.937500 0.386111 0.943359 0.389583 0.947266 0.395833 0.949609 0.405556 0.951562 0.407639 0.951562 0.411111 0.953906 0.415278 0.955469 0.423611 0.958984 0.429861 0.962891 0.446528 0.964063 0.447222 0.964063 0.452083 0.972266 0.452083 0.977344 0.448611 0.983203 0.457639 0.987109 0.457639 0.990625 0.463194 0.999609 0.468750 0.999609 0.465278 0.992969 0.449306 0.985547 0.449306 0.980859 0.439583 0.978906 0.439583 0.975781 0.434028 0.968359 0.428472 0.960547 0.407639 0.958203 0.404861 0.956250 0.395833 0.951172 0.390278 0.948828 0.390278 0.943359 0.378472 0.943359 0.374306 0.931250 0.358333 0.927734 0.358333 0.919141 0.344444 0.915234 0.329861 0.882031 0.329861 0.880859 0.326389 0.878906 0.326389 0.876563 0.322222 0.868359 0.320139 0.867188 0.314583 0.857422 0.300694 0.856641 0.292361 0.853906 0.289583 0.848047 0.288194 0.847656 0.286111 0.844531 0.286111 0.841797 0.282639 0.837500 0.282639 0.836328 0.279167 0.833203 0.279167 0.828906 0.271528 0.825781 0.269444 0.819531 0.254861 0.813281 0.248611 0.803516 0.246528 0.800391 0.240972 0.796094 0.240972 0.792578 0.233333 0.789844 0.231944 0.783203 0.218056 0.779297 0.216667 0.775781 0.206944 0.772266 0.204167 0.772266 0.201389 0.770312 0.201389 0.767188 0.197222 0.764062 0.197222 0.762891 0.209028 0.754297 0.216667 0.733203 0.216667 0.720703 0.225694 0.720313 0.227778 0.717578 0.229167 0.717187 0.233333 0.707812 0.240972 0.696094 0.240972 0.694141 0.237500 0.690625 0.237500 0.683984 0.250694 0.681641 0.252083 0.662891 0.252083
0 0.048438 0.097222 0.051953 0.119444 0.052734 0.151389 0.048438 0.154167 0.047656 0.159722 0.053906 0.170833 0.053906 0.184028 0.057031 0.185417 0.059375 0.189583 0.059375 0.195139 0.050391 0.206944 0.048438 0.211806 0.049609 0.217361 0.051953 0.220139 0.052734 0.227083 0.055078 0.231250 0.055078 0.251389 0.058203 0.254167 0.061328 0.266667 0.061328 0.279861 0.069922 0.297222 0.075781 0.306250 0.081250 0.308333 0.085156 0.316667 0.089453 0.320833 0.095312 0.333333 0.095312 0.340278 0.103906 0.342361 0.111719 0.351389 0.115625 0.370833 0.115625 0.376389 0.121094 0.384722 0.124219 0.395833 0.128125 0.402778 0.135937 0.406944 0.137891 0.410417 0.140625 0.422917 0.142187 0.424306 0.142187 0.429167 0.150391 0.431250 0.157812 0.442361 0.162109 0.442361 0.172266 0.458333 0.176953 0.461111 0.178516 0.467361 0.180469 0.467361 0.184375 0.472917 0.187891 0.472917 0.194141 0.479167 0.194141 0.482639 0.198828 0.482639 0.201563 0.488194 0.220703 0.491667 0.221875 0.495833 0.223828 0.495833 0.225000 0.501389 0.226953 0.501389 0.228125 0.504861 0.240625 0.510417 0.242188 0.514583 0.244141 0.515278 0.245312 0.520139 0.247266 0.520139 0.255078 0.536111 0.255859 0.543056 0.257031 0.543056 0.258984 0.548611 0.262500 0.549306 0.265234 0.554167 0.267188 0.554167 0.270313 0.559722 0.273828 0.561806 0.274219 0.565972 0.281250 0.575000 0.305859 0.575000 0.303125 0.581250 0.300781 0.593056 0.300781 0.611111 0.304688 0.617361 0.304688 0.651389 0.302734 0.658333 0.302734 0.669444 0.308203 0.686806 0.308203 0.696528 0.316406 0.713194 0.316016 0.717361 0.310156 0.717361 0.308984 0.722917 0.309375 0.738194 0.312109 0.740972 0.319531 0.740972 0.325781 0.729861 0.346094 0.727778 0.353125 0.735417 0.360547 0.736806 0.369531 0.750694 0.379297 0.752778 0.384766 0.762500 0.385547 0.769444 0.391016 0.769444 0.392969 0.771528 0.394141 0.768056 0.410938 0.769444 0.414062 0.773611 0.426172 0.773611 0.442969 0.784722 0.447266 0.794444 0.453906 0.794444 0.457813 0.803472 0.466406 0.803472 0.468750 0.806250 0.468750 0.822917 0.460938 0.838194 0.449219 0.845833 0.444922 0.853472 0.439844 0.854861 0.439844 0.856944 0.444141 0.862500 0.445312 0.868056 0.449609 0.868750 0.449609 0.875694 0.446484 0.884722 0.441016 0.887500 0.441016 0.890278 0.436719 0.897222 0.435547 0.902778 0.430859 0.910417 0.428906 0.910417 0.421875 0.919444 0.414453 0.919444 0.408203 0.930556 0.404687 0.947917 0.398047 0.947917 0.395313 0.950000 0.395313 0.972917 0.397266 0.981250 0.397266 0.996528 0.416406 0.994444 0.417578 0.992361 0.424609 0.992361 0.425781 0.994444 0.425781 0.984722 0.427344 0.980556 0.439844 0.960417 0.446094 0.960417 0.446875 0.955556 0.448047 0.954861 0.448047 0.942361 0.441797 0.932639 0.442578 0.925000 0.446094 0.918750 0.450000 0.918750 0.450000 0.908333 0.452344 0.907639 0.452344 0.904167 0.455469 0.902083 0.457031 0.896528 0.458594 0.896528 0.458594 0.885417 0.461719 0.877778 0.461719 0.863194 0.472656 0.843056 0.476172 0.829861 0.485156 0.817361 0.486328 0.813194 0.486328 0.788889 0.495703 0.781250 0.496875 0.773611 0.499219 0.771528 0.499219 0.766667 0.506641 0.752778 0.507422 0.720833 0.511719 0.713194 0.511719 0.698611 0.514062 0.690972 0.511328 0.688889 0.507812 0.696528 0.507812 0.706250 0.506641 0.709722 0.503906 0.711111 0.503906 0.735417 0.497266 0.741667 0.496094 0.754861 0.487891 0.765972 0.484766 0.777083 0.484766 0.782639 0.480859 0.793056 0.475000 0.793056 0.473438 0.788889 0.461328 0.787500 0.460938 0.783333 0.458594 0.782639 0.454297 0.770139 0.449609 0.772222 0.428125 0.772222 0.420312 0.760417 0.402344 0.759028 0.397266 0.753472 0.391016 0.751389 0.386328 0.741667 0.379297 0.732639 0.369531 0.730556 0.364453 0.727083 0.362109 0.722917 0.352344 0.720833 0.346484 0.710417 0.334375 0.711806 0.327734 0.706944 0.319531 0.681250 0.319531 0.666667 0.323437 0.655556 0.323437 0.646528 0.320312 0.637500 0.316016 0.615278 0.314063 0.613194 0.314063 0.590972 0.308594 0.578472 0.308594 0.573611 0.307031 0.572917 0.310937 0.561806 0.314063 0.559722 0.317188 0.552778 0.317188 0.540278 0.314063 0.529861 0.315234 0.490278 0.312109 0.486806 0.312109 0.463889 0.309766 0.463194 0.309766 0.438889 0.312891 0.433333 0.312891 0.424306 0.315234 0.422222 0.317188 0.405556 0.319531 0.402778 0.320312 0.392361 0.322656 0.388194 0.322656 0.375000 0.325781 0.367361 0.325781 0.352083 0.323828 0.348611 0.316016 0.344444 0.315234 0.333333 0.312109 0.325694 0.312109 0.318056 0.308594 0.310417 0.308594 0.295833 0.312891 0.289583 0.318359 0.274306 0.320703 0.274306 0.328906 0.261111 0.326953 0.252083 0.323047 0.252083 0.319531 0.246528 0.320312 0.223611 0.312109 0.222222 0.309766 0.219444 0.308984 0.214583 0.307031 0.214583 0.307031 0.229167 0.310156 0.238194 0.310156 0.261806 0.305859 0.270833 0.303906 0.279861 0.303906 0.295139 0.300781 0.300694 0.300781 0.323611 0.308203 0.337500 0.308203 0.342361 0.310156 0.347222 0.310156 0.357639 0.307031 0.365278 0.303906 0.367361 0.302734 0.370833 0.308203 0.382639 0.308203 0.404861 0.304297 0.422917 0.301563 0.427778 0.301563 0.434028 0.296484 0.443056 0.295312 0.457639 0.293359 0.459722 0.292187 0.468750 0.292187 0.486111 0.293359 0.486806 0.294141 0.493750 0.302344 0.500694 0.303906 0.506944 0.305859 0.509028 0.304688 0.545833 0.299219 0.554861 0.285547 0.554861 0.277734 0.547917 0.275781 0.543056 0.271484 0.538889 0.267188 0.527778 0.267188 0.524306 0.264062 0.524306 0.257812 0.511111 0.257031 0.506250 0.253516 0.502083 0.247266 0.502083 0.243359 0.496528 0.242969 0.490278 0.241406 0.488889 0.240625 0.484028 0.231641 0.483333 0.231250 0.486806 0.228125 0.486806 0.226172 0.490278 0.223828 0.481250 0.219922 0.475694 0.207031 0.475694 0.204687 0.469444 0.197266 0.461806 0.197266 0.458333 0.194922 0.456250 0.193359 0.450000 0.185938 0.443750 0.179297 0.426389 0.175391 0.422917 0.165234 0.401389 0.158984 0.401389 0.152734 0.405556 0.151562 0.409028 0.148438 0.409028 0.145313 0.398611 0.136328 0.384028 0.135547 0.379167 0.132812 0.377778 0.130078 0.367361 0.119531 0.354167 0.118359 0.347222 0.115234 0.340972 0.105469 0.332639 0.101953 0.326389 0.099609 0.326389 0.098047 0.319444 0.089844 0.303472 0.087891 0.303472 0.081250 0.291667 0.074609 0.288889 0.071484 0.279861 0.071484 0.272222 0.065234 0.254167 0.065234 0.227083 0.060937 0.218056 0.066406 0.208333 0.066406 0.175000 0.068359 0.171528 0.068359 0.161806 0.064453 0.152083 0.060156 0.152083 0.056641 0.145833 0.056641 0.132639 0.053516 0.123611 0.053516 0.106250 0.051562 0.104861 0.050781 0.100000
0 0.043359 0.011111 0.041016 0.070139 0.045312 0.077778 0.047266 0.092361 0.048047 0.081944 0.051562 0.075694 0.055078 0.075000 0.057813 0.068750 0.057813 0.063889 0.056641 0.059722 0.054688 0.059028 0.050391 0.045833 0.050391 0.025694 0.045703 0.018750
0 0.532813 0.000000 0.530469 0.002778 0.528125 0.011806 0.527734 0.006944 0.526172 0.006944 0.527734 0.033333 0.527734 0.018056 0.530469 0.023611 0.530469 0.059028 0.529687 0.059722 0.529297 0.056944 0.528125 0.061111 0.523828 0.061111 0.522656 0.065278 0.520703 0.065278 0.516406 0.072917 0.516406 0.075694 0.521484 0.075694 0.530469 0.082639 0.531641 0.085417 0.536719 0.161111 0.519141 0.161806 0.545312 0.167361 0.545312 0.178472 0.546094 0.181944 0.548438 0.184028 0.548438 0.201389 0.552734 0.208333 0.552734 0.211806 0.554688 0.212500 0.554297 0.225694 0.551172 0.229861 0.548047 0.229861 0.542188 0.240972 0.523828 0.240972 0.516406 0.229861 0.509766 0.227778 0.508984 0.225694 0.487500 0.225694 0.484375 0.229861 0.470313 0.231250 0.460938 0.218056 0.448047 0.216667 0.445703 0.220833 0.438672 0.225694 0.430078 0.225694 0.426172 0.222222 0.407031 0.222222 0.394922 0.227778 0.388281 0.234722 0.389844 0.235417 0.391016 0.244444 0.395703 0.247917 0.399219 0.247917 0.405859 0.238194 0.414062 0.238194 0.416406 0.244444 0.421484 0.247917 0.424609 0.244444 0.425391 0.239583 0.432031 0.236806 0.441016 0.236806 0.442188 0.238889 0.442188 0.261111 0.439844 0.261806 0.438672 0.266667 0.446484 0.270139 0.444922 0.261806 0.445312 0.245833 0.455078 0.245833 0.458594 0.242361 0.469531 0.242361 0.471484 0.240278 0.484375 0.240278 0.489844 0.230556 0.497266 0.232639 0.502734 0.242361 0.507422 0.243750 0.512109 0.250000 0.514844 0.250000 0.517578 0.254167 0.517578 0.257639 0.526953 0.257639 0.539453 0.245833 0.548828 0.247222 0.553906 0.258333 0.554688 0.270833 0.558594 0.284722 0.560156 0.286111 0.558984 0.288194 0.558984 0.299306 0.557813 0.303472 0.553516 0.309028 0.553516 0.313889 0.554688 0.314583 0.554688 0.327778 0.557031 0.336806 0.557031 0.365972 0.557813 0.376389 0.560156 0.382639 0.560156 0.390278 0.561328 0.392361 0.561328 0.409028 0.567187 0.418056 0.567187 0.406944 0.564063 0.395139 0.564063 0.367361 0.560937 0.363889 0.560937 0.343056 0.558594 0.337500 0.558594 0.329167 0.566016 0.316667 0.565234 0.282639 0.564063 0.286111 0.560937 0.285417 0.564063 0.276389 0.564063 0.264583 0.572266 0.248611 0.572266 0.236806 0.575781 0.230556 0.583203 0.230556 0.584375 0.234722 0.588672 0.240278 0.592578 0.240278 0.592969 0.238194 0.599219 0.234722 0.624219 0.234722 0.626953 0.236806 0.626953 0.247917 0.630078 0.249306 0.637891 0.247917 0.639844 0.250000 0.648828 0.250000 0.654297 0.242361 0.658594 0.242361 0.660156 0.245833 0.657813 0.236111 0.654297 0.231250 0.646875 0.237500 0.638672 0.237500 0.635156 0.229861 0.606250 0.231250 0.600781 0.229167 0.594922 0.218056 0.576953 0.216667 0.570703 0.211111 0.561328 0.211111 0.560156 0.209028 0.555469 0.208333 0.555469 0.167361 0.552734 0.167361 0.551172 0.161806 0.551172 0.145833 0.546875 0.122917 0.543750 0.114583 0.543750 0.090972 0.539453 0.079861 0.539453 0.070833 0.537500 0.068750 0.536328 0.059722 0.536328 0.002778 0.538281 0.000000
0 0.297266 0.000000 0.299609 0.004167 0.299609 0.040278 0.302344 0.036111 0.302344 0.026389 0.304688 0.011806 0.305859 0.022917 0.310156 0.022917 0.316016 0.017361 0.319922 0.017361 0.330078 0.028472 0.332422 0.034722 0.328125 0.045833 0.328125 0.051389 0.331641 0.057639 0.331641 0.063194 0.335547 0.066667 0.346094 0.066667 0.347266 0.069444 0.347266 0.074306 0.345313 0.076389 0.345313 0.079861 0.342578 0.080556 0.341016 0.084028 0.341016 0.087500 0.342969 0.090972 0.342969 0.097222 0.340625 0.102778 0.338672 0.102778 0.336719 0.108333 0.339844 0.118750 0.339844 0.122917 0.342969 0.122917 0.345313 0.127083 0.345313 0.132639 0.341016 0.136806 0.341016 0.145833 0.342187 0.147917 0.341016 0.174306 0.332813 0.190972 0.325000 0.199306 0.323047 0.205556 0.323047 0.215972 0.325781 0.219444 0.351562 0.221528 0.357031 0.236806 0.357031 0.248611 0.349609 0.264583 0.349609 0.275000 0.350781 0.278472 0.356641 0.279861 0.358984 0.287500 0.368359 0.287500 0.369531 0.282639 0.366797 0.279167 0.365625 0.272222 0.364063 0.270833 0.362891 0.252083 0.366016 0.248611 0.366406 0.245833 0.369531 0.245833 0.372266 0.241667 0.381250 0.237500 0.374609 0.236111 0.371875 0.229861 0.361328 0.224306 0.359766 0.218056 0.359766 0.195139 0.362891 0.189583 0.362891 0.168750 0.356641 0.156250 0.356641 0.106250 0.352344 0.097222 0.352344 0.056944 0.346094 0.042361 0.340234 0.037500 0.336719 0.031250 0.334766 0.031250 0.333203 0.027083 0.326172 0.023611 0.320312 0.007639 0.320312 0.000000
