0 0.264453 0.987500 0.260547 0.993750 0.262891 0.997917 0.262109 0.995139
0 0.297656 0.986806 0.294141 0.989583 0.293750 0.997222
0 0.261328 0.965972 0.258984 0.975000 0.262109 0.974306 0.260937 0.969444 0.262500 0.967361
0 0.000391 0.932639 0.000000 0.940278 0.001563 0.939583 0.007422 0.946528 0.016406 0.945139 0.017969 0.943056 0.025000 0.947917 0.039062 0.948611 0.043750 0.943750 0.053516 0.945139 0.051172 0.943056 0.028516 0.943750 0.026562 0.941667 0.021875 0.941667 0.021094 0.938889 0.012109 0.934028 0.006250 0.935417 0.001953 0.931250
0 0.079687 0.931944 0.089063 0.929861 0.091016 0.932639 0.094922 0.932639 0.089453 0.927083
0 0.118750 0.925694 0.122656 0.929861 0.125781 0.929861 0.121875 0.925694
0 0.100391 0.932639 0.116797 0.925000 0.105469 0.923611 0.103516 0.925000
0 0.156641 0.919444 0.158984 0.922917 0.163672 0.922917 0.173047 0.918056
0 0.153906 0.919444 0.151172 0.918056 0.149219 0.922222 0.141797 0.922222 0.126562 0.930556 0.133984 0.930556 0.141016 0.924306 0.151953 0.924306
0 0.181641 0.909722 0.178906 0.910417 0.174609 0.916667 0.178125 0.915972
0 0.189062 0.911806 0.193359 0.916667 0.197266 0.917361 0.202734 0.912500 0.204687 0.906944 0.210547 0.905556 0.214062 0.899306 0.215625 0.899306 0.219531 0.906944 0.226562 0.906944 0.231250 0.909722 0.237891 0.918056 0.238672 0.925694 0.240625 0.922917 0.247656 0.922917 0.253906 0.934722 0.253906 0.942361 0.250000 0.948611 0.250000 0.955556 0.257422 0.956944 0.260937 0.964583 0.262500 0.961806 0.256641 0.943750 0.257031 0.920833 0.248828 0.922222 0.244922 0.918750 0.240625 0.911806 0.233984 0.894444 0.229297 0.900000 0.219531 0.900000 0.213281 0.891667 0.212500 0.900694 0.205469 0.903472 0.200000 0.911806
0 0.837109 0.823611 0.840234 0.825000 0.839453 0.831250 0.842578 0.830556 0.842969 0.834028 0.862500 0.833333 0.864453 0.836111 0.875391 0.838889 0.878906 0.831944 0.882031 0.837500 0.885156 0.839583 0.885156 0.847917 0.887500 0.845833 0.893750 0.845833 0.896875 0.840972 0.906250 0.840278 0.906641 0.834028 0.920312 0.834028 0.924219 0.838194 0.933984 0.837500 0.935156 0.839583 0.939453 0.839583 0.941406 0.843056 0.955469 0.845139 0.956641 0.849306 0.962500 0.856250 0.963672 0.859722 0.963281 0.865278 0.972266 0.867361 0.976953 0.872222 0.981641 0.868056 0.988672 0.866667 0.990234 0.863889 0.999609 0.866667 0.999609 0.853472 0.997266 0.850000 0.989062 0.853472 0.968750 0.852083 0.966406 0.845139 0.962500 0.841667 0.961719 0.834028 0.959766 0.830556 0.961328 0.823611 0.960156 0.820833 0.955469 0.818056 0.951562 0.818750 0.951562 0.825000 0.945703 0.821528 0.929688 0.822917 0.928125 0.820833 0.916016 0.820833 0.912891 0.822917 0.901172 0.822917 0.890234 0.813889 0.884766 0.813889 0.881250 0.817361 0.864062 0.817361 0.861719 0.821528 0.842969 0.821528 0.842578 0.825000
0 0.455859 0.781250 0.453125 0.783333 0.447266 0.783333 0.442578 0.792361 0.439063 0.795139 0.437891 0.800694 0.434766 0.800694 0.432422 0.804861 0.430469 0.802083 0.427344 0.805556 0.426953 0.807639 0.431641 0.806944 0.430469 0.814583 0.428906 0.814583 0.426172 0.809722 0.419922 0.804167 0.414062 0.793750 0.412500 0.793750 0.415625 0.809722 0.414844 0.815972 0.412109 0.815972 0.407422 0.822917 0.404687 0.830556 0.396094 0.836111 0.393750 0.844444 0.387891 0.852083 0.376172 0.859028 0.373047 0.870139 0.367578 0.873611 0.367578 0.887500 0.360156 0.895833 0.358203 0.904861 0.355078 0.910417 0.344141 0.921528 0.340625 0.931250 0.335156 0.936806 0.331641 0.944444 0.327344 0.948611 0.323437 0.948611 0.319141 0.953472 0.310937 0.955556 0.306641 0.968750 0.303906 0.972222 0.301172 0.972222 0.300781 0.979861 0.298047 0.985417 0.300781 0.980556 0.303516 0.979861 0.307812 0.970139 0.310937 0.968750 0.321484 0.952083 0.332813 0.948611 0.340234 0.939583 0.353906 0.917361 0.357812 0.916667 0.359766 0.904167 0.364844 0.896528 0.371484 0.890972 0.378125 0.878472 0.378906 0.863889 0.380859 0.859722 0.384766 0.858333 0.387891 0.861806 0.391406 0.853472 0.396094 0.847917 0.400000 0.847917 0.398828 0.851389 0.400391 0.851389 0.403125 0.846528 0.403906 0.839583 0.409766 0.833333 0.413281 0.825694 0.415234 0.828472 0.423828 0.828472 0.423828 0.822222 0.425781 0.818750 0.439453 0.809028 0.445312 0.809028 0.441406 0.807639 0.440234 0.803472 0.443750 0.794444 0.444922 0.795139 0.446484 0.785417 0.448047 0.783333 0.451953 0.783333 0.452344 0.788194
0 0.467187 0.771528 0.462891 0.772222 0.458984 0.777778
0 0.500781 0.734028 0.492188 0.743056 0.488281 0.754861 0.484766 0.760417 0.474219 0.766667 0.471484 0.771528 0.472656 0.778472 0.478516 0.787500 0.477344 0.790972 0.466406 0.796528 0.465234 0.799306 0.462500 0.799306 0.460938 0.804861 0.457422 0.809722 0.449219 0.809722 0.457031 0.816667 0.462891 0.807639 0.467969 0.807639 0.469531 0.816667 0.472656 0.817361 0.478125 0.803472 0.478906 0.796528 0.483984 0.790972 0.481641 0.786111 0.481641 0.777778 0.485547 0.772917 0.489844 0.772917 0.491797 0.770139 0.491797 0.761806 0.497266 0.754167 0.495312 0.751389 0.496875 0.745833 0.504687 0.745833 0.500781 0.739583
0 0.526953 0.608333 0.516797 0.618750 0.513672 0.618750 0.515234 0.622222 0.511719 0.627778 0.511719 0.645139 0.508594 0.645833 0.505078 0.650694 0.506641 0.656944 0.506641 0.675000 0.503516 0.684028 0.504297 0.706250 0.501563 0.717361 0.501563 0.725694 0.507422 0.719444 0.507422 0.695833 0.510156 0.665278 0.514453 0.654167 0.516016 0.631944 0.520703 0.621528 0.522656 0.620139
0 0.121875 0.505556 0.121875 0.513889 0.119531 0.524306 0.119531 0.533333 0.122656 0.538889 0.121484 0.560417 0.117969 0.565278 0.118359 0.570833 0.110937 0.571528 0.110937 0.577083 0.113281 0.584028 0.113672 0.599306 0.104688 0.614583 0.104688 0.617361 0.108203 0.621528 0.108203 0.628472 0.106641 0.634028 0.106641 0.651389 0.103516 0.661806 0.103516 0.668750 0.101562 0.672222 0.097656 0.672222 0.090234 0.660417 0.083203 0.660417 0.080078 0.663194 0.074219 0.663194 0.073438 0.665278 0.064453 0.668056 0.061328 0.672917 0.050000 0.672917 0.037109 0.662500 0.033594 0.665972 0.017578 0.665972 0.014453 0.658333 0.009766 0.656944 0.009375 0.667361 0.007422 0.669444 0.000000 0.670139 0.000000 0.684722 0.004687 0.685417 0.012500 0.690972 0.010547 0.697222 0.010937 0.715972 0.015234 0.728472 0.015234 0.720833 0.017578 0.710417 0.025000 0.698611 0.032031 0.696528 0.035937 0.686111 0.038281 0.683333 0.066406 0.683333 0.071484 0.677778 0.085938 0.677083 0.094922 0.687500 0.108984 0.688194 0.105078 0.680556 0.105078 0.661111 0.108594 0.654167 0.111719 0.643056 0.112109 0.636111 0.115234 0.628472 0.124219 0.617361 0.128516 0.596528 0.132031 0.587500 0.131250 0.581944 0.126172 0.572222 0.125000 0.543750 0.126953 0.536111 0.121875 0.526389
0 0.605469 0.458333 0.608984 0.465972 0.605859 0.472917 0.609375 0.480556 0.609375 0.492361 0.612891 0.496528 0.613281 0.491667 0.618359 0.479167 0.618750 0.468750 0.617578 0.463194 0.616016 0.465972 0.612891 0.465278 0.609375 0.458333 0.608203 0.461111
0 0.619141 0.385417 0.619141 0.388889 0.616016 0.393056 0.612500 0.409028 0.610938 0.410417 0.605078 0.427083 0.604297 0.438194 0.608203 0.445833 0.608984 0.456944 0.609766 0.452083 0.608594 0.450000 0.610547 0.425000 0.612109 0.416667 0.617188 0.409722 0.617188 0.401389 0.619141 0.398611
0 0.423438 0.265972 0.419141 0.270139 0.417578 0.275694 0.415625 0.315278 0.415625 0.339583 0.420312 0.354861 0.420703 0.374306 0.416016 0.385417 0.414453 0.402778 0.412109 0.408333 0.416797 0.402083 0.416797 0.396528 0.421484 0.386111 0.423047 0.377778 0.423047 0.365278 0.425000 0.360417 0.424609 0.318750 0.422656 0.315972 0.419922 0.305556 0.419922 0.279167
0 0.633203 0.156944 0.626563 0.151389 0.624219 0.147222 0.622266 0.147222 0.620703 0.151389 0.614453 0.145833 0.607812 0.147222 0.606250 0.149306 0.605859 0.160417 0.604297 0.165972 0.601172 0.170139 0.596875 0.169444 0.597266 0.179861 0.594141 0.180556 0.587891 0.175694 0.587500 0.172917 0.578516 0.166667 0.576172 0.152778 0.574219 0.150694 0.570703 0.150000 0.567187 0.154861 0.562891 0.154861 0.562500 0.152778 0.560937 0.154167 0.562891 0.154861 0.562891 0.163889 0.565625 0.163889 0.569922 0.156250 0.570703 0.156944 0.571094 0.185417 0.573438 0.176389 0.579688 0.176389 0.582031 0.184028 0.590625 0.185417 0.593750 0.190278 0.600781 0.189583 0.602344 0.187500 0.601172 0.181944 0.603516 0.172222 0.608594 0.168750 0.625000 0.169444 0.628125 0.165972 0.629687 0.160417
0 0.379688 0.058333 0.379297 0.065278 0.381250 0.068056 0.378906 0.067361 0.384375 0.070833 0.383984 0.072917 0.391016 0.079861 0.392578 0.098611 0.396094 0.106944 0.398828 0.108333 0.403906 0.121528 0.402344 0.122222 0.402344 0.125694 0.408203 0.139583 0.408984 0.147222 0.411719 0.153472 0.417578 0.159028 0.423047 0.177083 0.426563 0.181250 0.427734 0.186111 0.427734 0.219444 0.424609 0.227778 0.423438 0.235417 0.423438 0.247917 0.426563 0.252083 0.425781 0.263194 0.433203 0.263194 0.439063 0.244444 0.439063 0.241667 0.431641 0.230556 0.432031 0.212500 0.434375 0.203472 0.434375 0.195833 0.433203 0.189583 0.430078 0.184028 0.430078 0.177778 0.435547 0.170139 0.444531 0.169444 0.456250 0.172917 0.459766 0.177083 0.464844 0.176389 0.467578 0.172917 0.475781 0.172917 0.481250 0.167361 0.500781 0.167361 0.506250 0.171528 0.523828 0.171528 0.529687 0.168056 0.530469 0.164583 0.528906 0.164583 0.529297 0.162500 0.535156 0.159028 0.539062 0.159028 0.541016 0.165972 0.547656 0.161806 0.556641 0.161806 0.560547 0.158333 0.559766 0.156250 0.555469 0.156250 0.551953 0.159722 0.548047 0.159722 0.542188 0.154167 0.528125 0.152778 0.523828 0.146528 0.520703 0.146528 0.517969 0.152083 0.511328 0.152778 0.505078 0.161806 0.479687 0.161806 0.476953 0.165278 0.471484 0.165278 0.466406 0.158333 0.455859 0.156944 0.454688 0.154861 0.448437 0.154861 0.443750 0.159028 0.440625 0.159028 0.435156 0.149306 0.426953 0.149306 0.422266 0.143750 0.419141 0.143056 0.415625 0.135417 0.410547 0.131250 0.402344 0.116667 0.400000 0.108333 0.399219 0.092361 0.392578 0.075694 0.392578 0.064583 0.382812 0.050694
0 0.778516 0.002083 0.756641 0.000694 0.757031 0.007639 0.754687 0.009722 0.752344 0.019444 0.751563 0.043056 0.746875 0.050000 0.739844 0.050000 0.734375 0.036806 0.731250 0.039583 0.725391 0.079167 0.719531 0.092361 0.720703 0.112500 0.716016 0.120139 0.709766 0.122917 0.705078 0.127778 0.706250 0.149306 0.703516 0.154861 0.697266 0.157639 0.693359 0.162500 0.684766 0.162500 0.679688 0.166667 0.675000 0.166667 0.669141 0.160417 0.663672 0.159028 0.648828 0.160417 0.644922 0.157639 0.635938 0.156944 0.645703 0.168750 0.650000 0.167361 0.654687 0.161806 0.661719 0.165972 0.667969 0.165972 0.670703 0.170139 0.669922 0.179167 0.662109 0.195833 0.649219 0.211806 0.648828 0.229167 0.640234 0.244444 0.632812 0.262500 0.629687 0.273611 0.628906 0.282639 0.627344 0.280556 0.622656 0.281250 0.622656 0.293056 0.617578 0.294444 0.616797 0.313889 0.620313 0.322222 0.617969 0.331944 0.617969 0.368750 0.619141 0.371528 0.619141 0.377778 0.619141 0.351389 0.622266 0.345139 0.625391 0.329167 0.627344 0.325694 0.628125 0.316667 0.630859 0.306250 0.633984 0.301389 0.633203 0.281250 0.635547 0.272917 0.650000 0.245139 0.655469 0.238889 0.660156 0.229167 0.665234 0.212500 0.669922 0.203472 0.669922 0.191667 0.675391 0.182639 0.676953 0.177083 0.679688 0.174306 0.687109 0.174306 0.697266 0.170139 0.707422 0.170139 0.710938 0.174306 0.713281 0.174306 0.717187 0.168750 0.721094 0.166667 0.726172 0.167361 0.732812 0.174306 0.737891 0.171528 0.738281 0.168056 0.734375 0.168056 0.727344 0.159028 0.714844 0.159028 0.712891 0.154167 0.714453 0.142361 0.718750 0.136806 0.722266 0.126389 0.722266 0.119444 0.723828 0.113194 0.731250 0.102083 0.734375 0.088194 0.737109 0.084028 0.743750 0.081250 0.761719 0.084028 0.761328 0.079167 0.757812 0.078472 0.753906 0.071528 0.754687 0.064583 0.761328 0.063889 0.760547 0.062500 0.744922 0.061111 0.756641 0.041667 0.760156 0.040278 0.762891 0.036111 0.762500 0.031250 0.756641 0.029167 0.754687 0.025694 0.754297 0.020833 0.755469 0.018056 0.766797 0.019444 0.767188 0.023611 0.765234 0.026389 0.765234 0.034028 0.767188 0.040278 0.769531 0.040278 0.769922 0.033333 0.767969 0.027778 0.778125 0.005556
0 0.000391 0.290972 0.000781 0.301389 0.005469 0.301389 0.007422 0.306250 0.007812 0.318056 0.000781 0.323611 0.000391 0.331944 0.006250 0.329861 0.006641 0.334028 0.009766 0.335417 0.014844 0.326389 0.016016 0.312500 0.017578 0.311806 0.017969 0.301389 0.022266 0.297222 0.025781 0.302778 0.026562 0.309028 0.031641 0.296528 0.042188 0.299306 0.044531 0.302083 0.048438 0.302083 0.055078 0.297222 0.057422 0.290972 0.066016 0.278472 0.066016 0.272917 0.072266 0.263889 0.072656 0.249306 0.135156 0.202778 0.135547 0.206250 0.139063 0.211806 0.138672 0.214583 0.135547 0.218056 0.135547 0.223611 0.137500 0.229167 0.135547 0.237500 0.131250 0.243750 0.131250 0.248611 0.133203 0.252083 0.133203 0.259028 0.130469 0.265278 0.129688 0.254861 0.128906 0.256944 0.128906 0.267361 0.130078 0.264583 0.131250 0.270833 0.130469 0.289583 0.128906 0.293056 0.132422 0.298611 0.132422 0.306250 0.127344 0.320139 0.126562 0.331250 0.124609 0.334028 0.126953 0.340278 0.126953 0.354861 0.120313 0.363194 0.117188 0.364583 0.117188 0.378472 0.119922 0.388194 0.125391 0.397222 0.125391 0.419444 0.128125 0.426389 0.124219 0.434722 0.123828 0.441667 0.118750 0.442361 0.118359 0.440278 0.117188 0.443056 0.117969 0.445833 0.115625 0.450000 0.117578 0.456250 0.120703 0.457639 0.116406 0.467361 0.116797 0.495833 0.118750 0.502083 0.121875 0.504167 0.123828 0.491667 0.123438 0.478472 0.128516 0.479167 0.128516 0.457639 0.124219 0.445833 0.126562 0.441667 0.128906 0.431944 0.130469 0.433333 0.132422 0.427778 0.128516 0.413889 0.128125 0.399306 0.133984 0.376389 0.133984 0.354167 0.131250 0.346528 0.131250 0.336806 0.133984 0.330556 0.135156 0.319444 0.135156 0.291667 0.137500 0.294444 0.137109 0.288889 0.135547 0.287500 0.135547 0.277778 0.133984 0.268750 0.137109 0.261806 0.137109 0.246528 0.140234 0.242361 0.141016 0.233333 0.139844 0.229861 0.144141 0.220833 0.144141 0.200694 0.147266 0.194444 0.153906 0.191667 0.156250 0.188194 0.162500 0.188194 0.164062 0.192361 0.165234 0.189583 0.165625 0.191667 0.166797 0.186806 0.171875 0.180556 0.180078 0.181250 0.192969 0.178472 0.195703 0.181944 0.197656 0.193750 0.210938 0.196528 0.218750 0.207639 0.222266 0.215278 0.222656 0.226389 0.227734 0.220139 0.232422 0.209722 0.233984 0.209722 0.238281 0.215972 0.246094 0.215278 0.249609 0.211806 0.253906 0.212500 0.260937 0.222917 0.260937 0.229861 0.252734 0.243056 0.252734 0.248611 0.257422 0.245833 0.260156 0.238889 0.265234 0.238889 0.267188 0.241667 0.271875 0.241667 0.275391 0.244444 0.278906 0.239583 0.284375 0.238889 0.285547 0.236111 0.293750 0.233333 0.305469 0.233333 0.311328 0.238889 0.323828 0.268750 0.325781 0.270833 0.329297 0.293056 0.329688 0.310417 0.332422 0.322917 0.332422 0.331250 0.329297 0.333333 0.330469 0.345139 0.310156 0.379861 0.310156 0.386111 0.306250 0.390278 0.298438 0.388194 0.298438 0.393750 0.300000 0.395833 0.306641 0.397917 0.308203 0.400694 0.308203 0.408333 0.306250 0.411806 0.301563 0.411806 0.294531 0.421528 0.286328 0.421528 0.282031 0.425694 0.280859 0.428472 0.280469 0.437500 0.285156 0.440278 0.285938 0.443056 0.285156 0.451389 0.282422 0.456250 0.277344 0.475000 0.276172 0.475694 0.276172 0.498611 0.273828 0.499306 0.271094 0.505556 0.267188 0.505556 0.264062 0.509722 0.257812 0.509028 0.253125 0.525000 0.252734 0.545139 0.251563 0.550694 0.248438 0.554167 0.248438 0.562500 0.249609 0.567361 0.253516 0.568056 0.255859 0.570833 0.254688 0.584722 0.257812 0.590278 0.258203 0.595139 0.250781 0.608333 0.251563 0.649306 0.248438 0.651389 0.245312 0.656944 0.244922 0.664583 0.250781 0.668750 0.256641 0.678472 0.247266 0.681250 0.243750 0.688194 0.244141 0.691667 0.249219 0.699306 0.250000 0.704167 0.233984 0.702083 0.231250 0.697917 0.227734 0.688889 0.228125 0.670833 0.235937 0.663194 0.242969 0.659722 0.241797 0.657639 0.235547 0.657639 0.230469 0.645833 0.230469 0.642361 0.222266 0.641667 0.219531 0.634722 0.216406 0.634028 0.212500 0.625694 0.212500 0.618750 0.208203 0.622917 0.207422 0.643750 0.209766 0.647917 0.212109 0.647917 0.215234 0.652778 0.219141 0.654167 0.214844 0.663194 0.204687 0.660417 0.192578 0.671528 0.186328 0.671528 0.182031 0.677083 0.177734 0.674306 0.172656 0.663889 0.169141 0.670139 0.171094 0.668056 0.172656 0.671528 0.167969 0.672222 0.158203 0.668056 0.154688 0.661111 0.150391 0.663889 0.147656 0.668750 0.143750 0.668056 0.143750 0.661111 0.122266 0.661806 0.119531 0.663889 0.116016 0.671528 0.105859 0.668056 0.105859 0.672917 0.110156 0.684028 0.119531 0.683333 0.125781 0.674306 0.130469 0.672917 0.135156 0.683333 0.137500 0.684722 0.141797 0.676389 0.146875 0.676389 0.150391 0.679167 0.153906 0.671528 0.158203 0.670833 0.162109 0.672917 0.163281 0.676389 0.167969 0.681250 0.173437 0.681250 0.175391 0.684028 0.190234 0.684028 0.191797 0.686806 0.197656 0.676389 0.206250 0.668056 0.209375 0.668750 0.210547 0.672917 0.219922 0.681944 0.224219 0.698611 0.225000 0.710417 0.228516 0.710417 0.229687 0.715972 0.229687 0.725000 0.224609 0.726389 0.224609 0.736806 0.226172 0.740278 0.226562 0.747917 0.223047 0.753472 0.223047 0.777083 0.224219 0.781250 0.226953 0.782639 0.226172 0.789583 0.227734 0.790972 0.229687 0.801389 0.233984 0.811111 0.233984 0.832639 0.236328 0.835417 0.234375 0.838889 0.231641 0.839583 0.233203 0.847917 0.231641 0.858333 0.229687 0.862500 0.229687 0.868750 0.223047 0.874306 0.228125 0.879167 0.231641 0.886806 0.231250 0.868750 0.232813 0.864583 0.233203 0.856250 0.241016 0.845139 0.237891 0.825694 0.237500 0.796528 0.235937 0.782639 0.240234 0.775694 0.242188 0.768750 0.242969 0.744444 0.244922 0.729167 0.246484 0.724306 0.250781 0.720139 0.258594 0.720139 0.260547 0.722917 0.266016 0.723611 0.264453 0.718056 0.264844 0.680556 0.272656 0.665278 0.279297 0.663889 0.279297 0.654167 0.276953 0.645833 0.276953 0.630556 0.284375 0.609722 0.285156 0.599306 0.282813 0.591667 0.282813 0.583333 0.281641 0.581250 0.281250 0.563889 0.277344 0.552083 0.277734 0.518056 0.283203 0.507639 0.283203 0.501389 0.284375 0.500000 0.282422 0.499306 0.284766 0.479861 0.290234 0.468056 0.303516 0.469444 0.303516 0.459722 0.301172 0.454861 0.303125 0.429861 0.305469 0.423611 0.308203 0.422222 0.310937 0.417361 0.312891 0.417361 0.315625 0.412500 0.315625 0.409028 0.318750 0.402083 0.317578 0.379861 0.322656 0.373611 0.330078 0.374306 0.344141 0.388194 0.349219 0.400000 0.354297 0.400000 0.359766 0.418056 0.365234 0.411111 0.368359 0.411111 0.370703 0.415278 0.376172 0.414583 0.379297 0.419444 0.381250 0.427778 0.385156 0.435417 0.385156 0.445833 0.382031 0.451389 0.383594 0.449306 0.388281 0.450000 0.392188 0.458333 0.392969 0.464583 0.395313 0.465972 0.395313 0.473611 0.390234 0.481250 0.383984 0.479167 0.385547 0.485417 0.383203 0.486806 0.388672 0.485417 0.392578 0.478472 0.395703 0.476389 0.402734 0.487500 0.402344 0.479861 0.405078 0.476389 0.423047 0.475694 0.427344 0.484722 0.433594 0.486111 0.438672 0.493750 0.454688 0.495139 0.458984 0.479861 0.459766 0.487500 0.461328 0.487500 0.468359 0.501389 0.468750 0.507639 0.478516 0.497222 0.485156 0.502778 0.492188 0.518056 0.500000 0.525694 0.501953 0.523611 0.503125 0.525694 0.504687 0.523611 0.508984 0.523611 0.520703 0.552083 0.533203 0.544444 0.537500 0.544444 0.550000 0.554167 0.551562 0.559028 0.549219 0.580556 0.546094 0.584028 0.537109 0.584028 0.536719 0.593750 0.527734 0.606250 0.532422 0.604861 0.537109 0.606250 0.538672 0.609028 0.542188 0.608333 0.550391 0.598611 0.555078 0.595833 0.562891 0.595833 0.566016 0.592361 0.565234 0.572222 0.566016 0.564583 0.568359 0.559722 0.576562 0.551389 0.587891 0.546528 0.596094 0.546528 0.599219 0.543056 0.607031 0.548611 0.612109 0.557639 0.612500 0.562500 0.619922 0.563889 0.625391 0.570833 0.626563 0.576389 0.626563 0.583333 0.625391 0.586111 0.616016 0.586111 0.614844 0.588194 0.614844 0.591667 0.623828 0.598611 0.630469 0.586111 0.640625 0.585417 0.656641 0.567361 0.669141 0.566667 0.683594 0.560417 0.687891 0.560417 0.695312 0.565278 0.703125 0.565278 0.706641 0.570833 0.718750 0.578472 0.721875 0.578472 0.725391 0.570833 0.732422 0.570833 0.735156 0.572917 0.741797 0.587500 0.750781 0.588194 0.753906 0.590972 0.762500 0.590972 0.766406 0.580556 0.782422 0.582639 0.785156 0.579861 0.787891 0.572917 0.794531 0.572917 0.799219 0.577778 0.801562 0.584028 0.807422 0.584028 0.815625 0.575694 0.836328 0.570833 0.849609 0.562500 0.862500 0.543056 0.877344 0.543056 0.884766 0.530556 0.893750 0.527778 0.905469 0.515278 0.909766 0.515278 0.913672 0.511806 0.922656 0.515278 0.933984 0.515278 0.932813 0.507639 0.928516 0.504167 0.929688 0.495833 0.935547 0.489583 0.941016 0.478472 0.951562 0.468750 0.964453 0.463889 0.969531 0.456944 0.972656 0.458333 0.987500 0.478472 0.990625 0.484722 0.991406 0.492361 0.995703 0.489583 0.999609 0.479861 0.999609 0.450694 0.998047 0.445833 0.998047 0.435417 0.992578 0.425000 0.983594 0.416667 0.982812 0.421528 0.982031 0.418056 0.977734 0.421528 0.974219 0.434028 0.970703 0.440278 0.964844 0.440278 0.963672 0.437500 0.959766 0.437500 0.957422 0.443056 0.954297 0.443056 0.949219 0.448611 0.947266 0.445139 0.947266 0.465278 0.928516 0.462500 0.923438 0.468750 0.909375 0.469444 0.909375 0.475694 0.911719 0.483333 0.907813 0.489583 0.896484 0.487500 0.895312 0.490278 0.886328 0.495139 0.881250 0.504167 0.877734 0.505556 0.872266 0.515972 0.865234 0.519444 0.857031 0.528472 0.847656 0.530556 0.842187 0.542361 0.833203 0.552778 0.827734 0.552778 0.821875 0.549306 0.817969 0.556944 0.811328 0.556944 0.809766 0.560417 0.802344 0.561111 0.796094 0.555556 0.790625 0.554167 0.789453 0.550694 0.782422 0.545139 0.776563 0.536111 0.775781 0.537500 0.777734 0.540972 0.777344 0.543056 0.776172 0.541667 0.776563 0.554861 0.766797 0.547222 0.773828 0.563194 0.772266 0.567361 0.767969 0.570833 0.758984 0.570833 0.755078 0.572917 0.748047 0.570139 0.740625 0.559722 0.734766 0.555556 0.729688 0.554861 0.725000 0.563194 0.718359 0.561111 0.711328 0.550694 0.705859 0.547222 0.706641 0.536806 0.705078 0.534028 0.705078 0.529861 0.701953 0.534028 0.697266 0.527083 0.696094 0.527083 0.696094 0.531944 0.697656 0.534722 0.697656 0.543750 0.696094 0.547917 0.683984 0.545139 0.668750 0.547222 0.623047 0.505556 0.620313 0.497917 0.615625 0.497917 0.618359 0.502083 0.613672 0.502083 0.608984 0.508333 0.612891 0.497917 0.605859 0.500000 0.596094 0.518750 0.598828 0.520833 0.587109 0.533333 0.578125 0.530556 0.554688 0.530556 0.546484 0.527083 0.542188 0.530556 0.525000 0.534028 0.513672 0.521528 0.503125 0.518750 0.495703 0.501389 0.476953 0.479167 0.469922 0.479167 0.459375 0.474306 0.455859 0.481944 0.450391 0.478472 0.446484 0.478472 0.442969 0.481944 0.437500 0.481944 0.425000 0.464583 0.426563 0.450000 0.418359 0.443750 0.417187 0.439583 0.417187 0.428472 0.414453 0.422222 0.412500 0.411806 0.411328 0.411806 0.411328 0.413889 0.414453 0.420139 0.412109 0.423611 0.412109 0.431250 0.414453 0.438194 0.414453 0.447917 0.405859 0.461111 0.402344 0.461111 0.396875 0.454167 0.396875 0.440972 0.394141 0.434028 0.378516 0.410417 0.372656 0.406250 0.366016 0.404861 0.352734 0.390972 0.348047 0.390278 0.346875 0.387500 0.351953 0.380556 0.351953 0.372917 0.348047 0.365972 0.339453 0.361111 0.336328 0.350000 0.336328 0.341667 0.341016 0.333333 0.341406 0.327083 0.352734 0.309028 0.354687 0.308333 0.357812 0.297222 0.357812 0.287500 0.351953 0.277083 0.350781 0.272222 0.350781 0.265972 0.354297 0.254167 0.354297 0.240278 0.350781 0.234722 0.350781 0.213889 0.357031 0.205556 0.355469 0.190972 0.360156 0.179167 0.358594 0.171528 0.359766 0.170139 0.359766 0.156944 0.353906 0.145139 0.353516 0.134722 0.351172 0.125000 0.351172 0.111111 0.353125 0.105556 0.358984 0.098611 0.363672 0.090278 0.368750 0.089583 0.372656 0.080556 0.374609 0.080556 0.381250 0.073611 0.380469 0.072222 0.380078 0.075694 0.376563 0.075694 0.372656 0.079167 0.370312 0.069444 0.370312 0.063194 0.372656 0.059722 0.370312 0.041667 0.380469 0.040972 0.377344 0.036111 0.377344 0.024306 0.376172 0.022222 0.376172 0.015972 0.378906 0.010417 0.379688 0.000000 0.378906 0.003472 0.370312 0.003472 0.366797 0.007639 0.361719 0.018750 0.364063 0.027778 0.368750 0.036806 0.368750 0.041667 0.364844 0.047222 0.363281 0.065278 0.350391 0.080556 0.346875 0.080556 0.343750 0.084722 0.344141 0.090972 0.348047 0.091667 0.348438 0.095833 0.342187 0.104167 0.341016 0.118056 0.344922 0.129167 0.346484 0.140278 0.346484 0.162500 0.348438 0.169444 0.348828 0.180556 0.341797 0.193750 0.337500 0.197917 0.336328 0.206250 0.333984 0.210417 0.339453 0.213194 0.339453 0.222917 0.333984 0.228472 0.333594 0.249306 0.325391 0.244444 0.321484 0.233333 0.317578 0.232639 0.314453 0.227778 0.303125 0.227083 0.292187 0.219444 0.278125 0.229861 0.270703 0.231250 0.266406 0.225694 0.267578 0.203472 0.251172 0.204861 0.242188 0.187500 0.238281 0.187500 0.235937 0.195139 0.234375 0.195139 0.233594 0.192361 0.229687 0.197222 0.223047 0.197222 0.221094 0.186806 0.219922 0.189583 0.214062 0.188889 0.211328 0.184722 0.203906 0.181944 0.200391 0.172222 0.200000 0.162500 0.191016 0.150000 0.188672 0.152778 0.195312 0.157639 0.180859 0.168750 0.163672 0.168056 0.155469 0.165278 0.150781 0.153472 0.148828 0.131250 0.145313 0.121528 0.139844 0.114583 0.140234 0.091667 0.139453 0.086111 0.135547 0.078472 0.137109 0.059028 0.139844 0.054167 0.140234 0.039583 0.135547 0.036111 0.135156 0.028472 0.139453 0.019444 0.139453 0.009722 0.136328 0.009722 0.133984 0.000000 0.125000 0.000000 0.131641 0.021528 0.131641 0.035417 0.128516 0.043056 0.128516 0.047917 0.130078 0.052083 0.128906 0.072222 0.125391 0.073611 0.125391 0.096528 0.130469 0.106944 0.130469 0.129861 0.128906 0.132639 0.128906 0.152083 0.132422 0.161111 0.133984 0.172222 0.133594 0.179861 0.130859 0.181944 0.129297 0.186806 0.113281 0.185417 0.108594 0.189583 0.096875 0.190278 0.087891 0.202083 0.082031 0.205556 0.073047 0.225000 0.068359 0.224306 0.071094 0.231250 0.069141 0.247222 0.064844 0.256250 0.018359 0.291667 0.009375 0.287500 0.007031 0.291667 0.001563 0.288889
