0 0.871094 0.806944 0.872266 0.809722 0.874609 0.805556 0.880859 0.813194 0.889062 0.813194 0.896875 0.817361 0.915625 0.818056 0.922266 0.813889 0.925000 0.825694 0.927344 0.828472 0.929688 0.828472 0.932031 0.822917 0.942969 0.824306 0.945312 0.821528 0.933984 0.816667 0.928516 0.818056 0.924219 0.809722 0.919922 0.808333 0.912891 0.811111 0.906250 0.809722 0.898047 0.812500 0.893359 0.809722 0.881641 0.809722 0.875391 0.804167 0.871484 0.804167
0 0.975391 0.798611 0.972266 0.792361 0.966016 0.793750 0.961719 0.804167 0.954297 0.810417 0.945703 0.810417 0.944141 0.817361 0.946484 0.816667 0.947266 0.813889 0.958594 0.814583 0.962500 0.811806 0.965234 0.806250 0.965234 0.800000 0.967187 0.797222 0.971484 0.795139 0.973828 0.799306
0 0.950391 0.752083 0.949609 0.756944 0.955859 0.762500 0.957422 0.762500 0.960547 0.754167 0.965625 0.765972 0.971484 0.773611 0.972656 0.781944 0.973437 0.781250 0.972656 0.770833 0.964844 0.754167 0.955859 0.750694
0 0.982812 0.738889 0.979297 0.743750 0.979688 0.748611 0.989453 0.745833 0.991406 0.748611 0.991797 0.753472 0.989453 0.756250 0.976953 0.760417 0.976562 0.761806 0.981250 0.761111 0.981641 0.765972 0.976562 0.768056 0.976172 0.775000 0.975000 0.775694 0.980469 0.775694 0.980859 0.781250 0.988672 0.780556 0.988672 0.777778 0.985156 0.774306 0.986719 0.768056 0.990625 0.759722 0.997266 0.760417 0.999219 0.754861 0.999219 0.745833 0.997266 0.743056 0.992578 0.743750 0.989844 0.738889
0 0.941406 0.730556 0.953906 0.736111 0.958203 0.743750 0.960547 0.743750 0.959766 0.738889 0.955078 0.734028 0.950391 0.734028 0.944922 0.729861
0 0.785156 0.579861 0.783984 0.577778 0.776563 0.578472 0.775781 0.581944 0.784375 0.581944
0 0.658984 0.560417 0.662891 0.565278 0.666406 0.565278 0.667969 0.568750 0.671484 0.569444 0.674609 0.580556 0.681641 0.581250 0.681250 0.576389 0.676953 0.575000 0.672656 0.565972 0.665234 0.561111
0 0.605469 0.559028 0.593750 0.563889 0.580469 0.558333 0.570312 0.559028 0.565625 0.556250 0.555859 0.566667 0.553125 0.565972 0.550391 0.569444 0.544531 0.570139 0.542578 0.566667 0.537891 0.566667 0.532031 0.576389 0.524609 0.575694 0.514844 0.587500 0.506250 0.584722 0.510547 0.592361 0.514844 0.590972 0.516797 0.587500 0.526172 0.581250 0.531641 0.581250 0.535156 0.575694 0.539453 0.574306 0.549219 0.577778 0.551172 0.572222 0.556641 0.570833 0.561328 0.565972 0.572656 0.566667 0.578516 0.561806 0.583984 0.565972 0.589453 0.565972 0.594531 0.572917 0.601172 0.573611 0.605078 0.565972
0 0.605859 0.554861 0.607031 0.557639 0.609375 0.552083 0.612500 0.551389 0.614453 0.554167 0.616797 0.564583 0.620703 0.563889 0.623047 0.560417 0.628516 0.561111 0.628906 0.563889 0.633203 0.563889 0.637500 0.559028 0.641016 0.559028 0.653516 0.550694 0.660156 0.551389 0.663281 0.555556 0.668750 0.558333 0.673828 0.558333 0.692578 0.545833 0.700391 0.547917 0.708203 0.537500 0.727344 0.531944 0.732812 0.538889 0.739453 0.540278 0.747656 0.553472 0.755469 0.561806 0.755859 0.568056 0.758984 0.572917 0.760547 0.583333 0.767578 0.588194 0.775781 0.586806 0.776953 0.593750 0.779297 0.597917 0.783203 0.597917 0.787891 0.602778 0.794531 0.615278 0.798828 0.631250 0.801562 0.633333 0.810156 0.634028 0.814063 0.652083 0.817969 0.654167 0.822656 0.663194 0.827344 0.665972 0.827344 0.668750 0.830859 0.673611 0.833594 0.683333 0.832422 0.686806 0.832422 0.691667 0.832812 0.688889 0.833594 0.691667 0.832812 0.695139 0.837109 0.700694 0.840625 0.702083 0.843750 0.710417 0.847266 0.713194 0.848828 0.718056 0.848828 0.726389 0.855078 0.740972 0.860938 0.733333 0.864062 0.734722 0.870313 0.731944 0.878906 0.732639 0.882422 0.729861 0.887109 0.739583 0.887500 0.744444 0.892969 0.754167 0.897656 0.756944 0.903125 0.771528 0.904297 0.783333 0.906641 0.788889 0.905078 0.771528 0.910156 0.770139 0.910547 0.766667 0.903125 0.764583 0.901563 0.761806 0.901953 0.752778 0.910937 0.748611 0.923438 0.756944 0.934766 0.753472 0.934766 0.751389 0.929297 0.748611 0.922656 0.750000 0.917969 0.745139 0.912891 0.743056 0.907422 0.743056 0.900391 0.747917 0.899219 0.750694 0.896094 0.744444 0.890234 0.738889 0.885938 0.728472 0.879297 0.727778 0.874609 0.722917 0.869922 0.725694 0.856250 0.723611 0.851953 0.715972 0.849609 0.706250 0.839453 0.696528 0.834766 0.684028 0.835156 0.678472 0.830469 0.669444 0.828906 0.662500 0.823047 0.656250 0.821094 0.650694 0.816016 0.643750 0.812500 0.631250 0.799219 0.625000 0.799219 0.611111 0.792578 0.600694 0.789844 0.588194 0.785547 0.585417 0.783984 0.588194 0.775781 0.586111 0.775391 0.583333 0.769922 0.584028 0.767578 0.579861 0.762891 0.577778 0.758594 0.564583 0.755078 0.559028 0.754297 0.554167 0.744141 0.544444 0.740234 0.536806 0.729688 0.527083 0.717187 0.527083 0.712891 0.532639 0.709766 0.532639 0.700391 0.539583 0.692969 0.540278 0.688672 0.545833 0.669922 0.550000 0.660547 0.540972 0.653125 0.545139 0.651563 0.547917 0.644531 0.538889 0.640625 0.538194 0.637500 0.531944 0.626563 0.527778 0.619922 0.527778 0.619922 0.529861 0.626563 0.530556 0.628516 0.533333 0.634766 0.535417 0.647656 0.550694 0.642188 0.554861 0.628125 0.556944 0.623047 0.554167 0.617578 0.547917 0.610938 0.547222
0 0.202344 0.340972 0.198047 0.334722 0.195312 0.323611 0.191016 0.315972 0.185547 0.312500 0.184766 0.316667 0.180078 0.315278 0.176953 0.311806 0.165625 0.311111 0.163281 0.316667 0.159766 0.320139 0.152344 0.319444 0.150391 0.322222 0.144531 0.320833 0.137500 0.325694 0.135547 0.325694 0.133203 0.321528 0.128906 0.322222 0.123047 0.315972 0.114844 0.315972 0.114453 0.320833 0.112500 0.323611 0.105859 0.320139 0.105078 0.315972 0.101562 0.316667 0.099219 0.322222 0.090625 0.324306 0.085938 0.337500 0.080859 0.334722 0.080859 0.339583 0.079687 0.341667 0.071484 0.340278 0.070312 0.348611 0.067969 0.349306 0.066797 0.345833 0.065234 0.352083 0.056250 0.357639 0.051562 0.357639 0.044922 0.352083 0.037109 0.352083 0.033984 0.356250 0.030078 0.356944 0.026953 0.352778 0.019531 0.350000 0.016797 0.336111 0.011328 0.330556 0.010547 0.338194 0.014453 0.353472 0.013281 0.370833 0.008984 0.372222 0.001953 0.368750 0.001172 0.381250 0.006641 0.379861 0.010937 0.381944 0.017578 0.378472 0.028516 0.377778 0.032031 0.374306 0.032422 0.363194 0.036719 0.357639 0.048438 0.360417 0.051953 0.364583 0.060547 0.364583 0.066016 0.360417 0.071484 0.359028 0.073047 0.350000 0.076172 0.346528 0.083984 0.346528 0.091406 0.330556 0.095703 0.331250 0.100000 0.328472 0.101172 0.325000 0.099219 0.322222 0.101562 0.320833 0.106641 0.323611 0.108984 0.328472 0.115625 0.325694 0.117578 0.320833 0.120313 0.322917 0.123047 0.330556 0.126562 0.332639 0.130078 0.338889 0.138281 0.341667 0.137109 0.336111 0.140234 0.332639 0.142578 0.338194 0.144531 0.338194 0.142969 0.331944 0.143750 0.327778 0.155078 0.323611 0.158984 0.325694 0.161719 0.319444 0.166797 0.317361 0.168359 0.314583 0.174219 0.319444 0.185156 0.319444 0.192188 0.327778 0.196875 0.344444
0 0.198437 0.309722 0.198437 0.311806 0.201563 0.315278 0.205469 0.315278 0.208984 0.311806 0.216406 0.313889 0.216016 0.311806 0.208203 0.308333
0 0.275000 0.313194 0.271484 0.311806 0.265625 0.313889 0.259375 0.307639 0.251172 0.304861 0.245312 0.309028 0.242188 0.314583 0.241797 0.306944 0.237891 0.306250 0.235547 0.316667 0.230469 0.318750 0.228125 0.322222 0.203516 0.320139 0.201953 0.334028 0.202734 0.334722 0.202734 0.329167 0.204687 0.323611 0.210938 0.329167 0.216016 0.330556 0.217188 0.332639 0.216797 0.349306 0.218359 0.350000 0.219922 0.337500 0.222656 0.330556 0.233203 0.322222 0.237891 0.320833 0.241797 0.313889 0.242969 0.317361 0.242188 0.318750 0.244531 0.315278 0.247656 0.315278 0.251172 0.318750 0.253125 0.323611 0.252734 0.318750 0.255078 0.318750 0.257812 0.311111 0.262500 0.319444 0.273047 0.318056
0 0.276562 0.301389 0.276172 0.306250 0.277344 0.306944 0.275781 0.310417 0.279297 0.302778 0.281641 0.302778 0.285156 0.310417 0.289844 0.312500 0.292187 0.317361 0.298828 0.319444 0.303125 0.318056 0.303906 0.311111 0.310156 0.313194 0.313672 0.307639 0.316016 0.311806 0.318750 0.304861 0.322266 0.302083 0.328125 0.313194 0.330078 0.313194 0.333594 0.307639 0.334766 0.317361 0.337891 0.315278 0.346875 0.315278 0.347266 0.319444 0.352734 0.319444 0.358594 0.329167 0.357812 0.334722 0.359766 0.339583 0.360156 0.353472 0.357422 0.356944 0.365234 0.372917 0.364844 0.382639 0.369531 0.386111 0.372656 0.393750 0.374219 0.406944 0.373047 0.415972 0.383203 0.423611 0.383984 0.427778 0.381250 0.430556 0.374219 0.429167 0.377344 0.434722 0.377344 0.437500 0.373047 0.450000 0.374609 0.456944 0.372656 0.460417 0.372656 0.465972 0.374609 0.469444 0.372266 0.471528 0.375391 0.475694 0.373047 0.480556 0.376172 0.485417 0.379297 0.495833 0.382422 0.500000 0.386719 0.512500 0.392969 0.524306 0.395703 0.525694 0.401172 0.537500 0.400781 0.538889 0.398438 0.536806 0.401172 0.553472 0.408984 0.567361 0.412891 0.568750 0.413281 0.565972 0.414453 0.568056 0.416016 0.564583 0.418750 0.564583 0.426953 0.576389 0.427734 0.581250 0.430859 0.587500 0.434766 0.590278 0.434766 0.586806 0.435937 0.586111 0.439063 0.592361 0.442188 0.592361 0.446094 0.605556 0.450000 0.598611 0.462891 0.601389 0.468750 0.597917 0.469141 0.600000 0.472266 0.600000 0.475000 0.606944 0.480859 0.613889 0.482422 0.611111 0.485938 0.615972 0.495312 0.618056 0.501172 0.605556 0.506641 0.600694 0.514453 0.598611 0.514844 0.595833 0.505078 0.595833 0.503516 0.600000 0.494531 0.608333 0.485938 0.608333 0.477344 0.603472 0.472656 0.596528 0.456641 0.594444 0.448437 0.587500 0.443750 0.579861 0.433984 0.579167 0.431250 0.576389 0.428906 0.570139 0.425391 0.568750 0.419141 0.561806 0.415625 0.561806 0.412891 0.564583 0.403125 0.552778 0.401172 0.538194 0.409766 0.558333 0.411719 0.559028 0.412109 0.552778 0.405469 0.538194 0.401953 0.525000 0.396094 0.523611 0.392188 0.516667 0.381641 0.476389 0.375000 0.465972 0.376563 0.447917 0.383594 0.436111 0.385547 0.423611 0.383594 0.416667 0.380078 0.415972 0.378906 0.413194 0.375391 0.384722 0.364453 0.368750 0.366797 0.368056 0.362891 0.358333 0.362891 0.341667 0.359766 0.322917 0.353906 0.315972 0.352344 0.309028 0.345703 0.296528 0.347266 0.293056 0.353516 0.288194 0.354687 0.277083 0.352344 0.286111 0.344531 0.290278 0.343750 0.293056 0.339453 0.295833 0.332813 0.297222 0.324609 0.294444 0.321094 0.297917 0.320703 0.290972 0.319141 0.290278 0.317969 0.298611 0.315234 0.302778 0.310937 0.306250 0.304688 0.306944 0.302344 0.309722 0.301172 0.314583 0.298828 0.313889 0.296094 0.306944 0.293359 0.306250 0.290234 0.300000 0.282422 0.297917
0 0.395703 0.263889 0.395313 0.265972 0.397266 0.265278 0.400391 0.271528 0.406250 0.294444 0.407031 0.286111 0.405078 0.277778 0.399609 0.265278
0 0.425000 0.220139 0.423438 0.218056 0.416406 0.220139 0.411719 0.223611 0.410156 0.229167 0.407031 0.225000 0.406250 0.231250 0.403906 0.234722 0.400391 0.229167 0.396875 0.227083 0.398828 0.231944 0.398828 0.236806 0.396484 0.238889 0.387109 0.258333 0.377734 0.261111 0.369531 0.272917 0.365625 0.273611 0.361328 0.269444 0.357422 0.269444 0.356641 0.272222 0.367578 0.277083 0.373828 0.274306 0.376953 0.265278 0.387500 0.261806 0.394531 0.254861 0.395313 0.247917 0.397656 0.245139 0.400391 0.245139 0.402344 0.240278 0.412109 0.227083 0.419922 0.225694 0.422656 0.231944 0.423047 0.238889 0.424219 0.238889 0.422266 0.226389 0.425000 0.223611
0 0.449219 0.170139 0.447266 0.171528 0.446875 0.175694 0.443359 0.181944 0.435547 0.181250 0.432031 0.175000 0.431250 0.181944 0.433594 0.188194 0.439453 0.189583 0.441797 0.195139 0.442578 0.187500 0.445703 0.187500 0.448437 0.184028
0 0.464844 0.152778 0.463672 0.152778 0.458984 0.168750 0.453906 0.170139 0.458594 0.174306 0.460938 0.172222 0.462109 0.165278 0.466016 0.161111
0 0.475000 0.136806 0.471875 0.138194 0.471094 0.147222 0.469922 0.148611 0.470703 0.150694 0.473828 0.150000
0 0.503906 0.114583 0.494141 0.111806 0.493359 0.106250 0.490234 0.101389 0.487891 0.108333 0.484766 0.109722 0.482422 0.118750 0.475000 0.125000 0.475000 0.133333 0.476172 0.134722 0.478516 0.124306 0.483984 0.124306 0.487500 0.115972 0.503516 0.117361
0 0.796875 0.092361 0.795312 0.111806 0.791797 0.119444 0.787500 0.124306 0.792578 0.131944 0.789062 0.159722 0.790625 0.175694 0.792188 0.164583 0.792578 0.147222 0.795312 0.138889 0.796484 0.115278 0.798047 0.111111 0.798047 0.096528
0 0.500391 0.070139 0.503125 0.072222 0.505078 0.078472 0.507422 0.080556 0.504687 0.072222
0 0.813281 0.002778 0.800000 0.001389 0.791016 0.006944 0.788281 0.001389 0.786328 0.001389 0.787500 0.014583 0.787109 0.057639 0.791797 0.070139 0.794141 0.086806 0.796484 0.090278 0.794141 0.078472 0.795703 0.073611 0.799609 0.075000 0.798438 0.064583 0.791016 0.052778 0.791016 0.032639 0.792969 0.018056 0.796094 0.008333 0.805859 0.011806 0.812109 0.006250 0.816016 0.006250
0 0.582422 0.000000 0.576172 0.013889 0.571484 0.018750 0.570703 0.015278 0.569141 0.016667 0.568750 0.031944 0.566016 0.037500 0.562891 0.038194 0.559766 0.045833 0.549219 0.046528 0.539844 0.068750 0.532813 0.062500 0.537500 0.068056 0.534766 0.074306 0.524219 0.075694 0.522656 0.079167 0.517578 0.079861 0.515625 0.083333 0.514453 0.080556 0.514453 0.066667 0.509766 0.058333 0.509766 0.062500 0.512500 0.067361 0.512891 0.078472 0.515234 0.084028 0.512891 0.093056 0.512500 0.102778 0.510156 0.104167 0.514844 0.104861 0.517969 0.081250 0.525000 0.079861 0.527344 0.077083 0.533984 0.077083 0.538672 0.069444 0.543359 0.067361 0.545703 0.056250 0.549219 0.049306 0.552734 0.047222 0.558984 0.047917 0.567578 0.040278 0.569922 0.031250 0.572656 0.029861 0.573047 0.020139 0.576562 0.016667 0.582422 0.005556
