0 0.123828 0.981944 0.123438 0.984028 0.121484 0.984028 0.121094 0.981944 0.114062 0.980556 0.109766 0.992361 0.105469 0.999306 0.110937 0.999306 0.111328 0.990972 0.114062 0.986806 0.121094 0.987500
0 0.060156 0.964583 0.057031 0.961111 0.055859 0.964583 0.054297 0.963889 0.053125 0.970139 0.054688 0.977083 0.053125 0.977778 0.053516 0.983333 0.052344 0.986806 0.048438 0.986806 0.048438 0.995139 0.043359 0.990972 0.042578 0.995833 0.038672 0.995833 0.038672 0.998611 0.053516 0.999306 0.053516 0.987500 0.058594 0.977778 0.060156 0.972222
0 0.066016 0.956250 0.060547 0.962500 0.061719 0.963889 0.066016 0.958333
0 0.138672 0.942361 0.134375 0.945139 0.133203 0.950000 0.130859 0.949306 0.132031 0.945833 0.130859 0.945139 0.130469 0.953472 0.123828 0.958333 0.123047 0.977083 0.125000 0.981250 0.126172 0.981250 0.126953 0.970833 0.130078 0.961111 0.129688 0.954861 0.135937 0.952083 0.137500 0.945139 0.139453 0.944444
0 0.142969 0.937500 0.141797 0.942361 0.143359 0.944444
0 0.215625 0.878472 0.208984 0.868750 0.202734 0.868056 0.201563 0.872222 0.200000 0.872917 0.199609 0.877778 0.195703 0.874306 0.188672 0.874306 0.189062 0.876389 0.192578 0.878472 0.190625 0.879167 0.189453 0.882639 0.196484 0.880556 0.197266 0.884028 0.200000 0.884028 0.205469 0.879861 0.207813 0.888889 0.210938 0.881250 0.214844 0.881250
0 0.217188 0.875694 0.219922 0.877778 0.219922 0.873611 0.221484 0.870833 0.226172 0.870139 0.227734 0.874306 0.231250 0.877083 0.231641 0.882639 0.233594 0.886111 0.232031 0.888889 0.233203 0.889583 0.246094 0.884722 0.250000 0.886111 0.256250 0.898611 0.260547 0.895139 0.262891 0.898611 0.277734 0.909028 0.284375 0.922222 0.283594 0.924306 0.287109 0.925694 0.291797 0.933333 0.294141 0.934028 0.295703 0.931250 0.297656 0.931250 0.297656 0.936806 0.301172 0.940278 0.308594 0.938889 0.316016 0.944444 0.321484 0.944444 0.331641 0.955556 0.336719 0.958333 0.338672 0.961806 0.338281 0.968056 0.343750 0.975694 0.343750 0.983333 0.342187 0.984722 0.342969 0.987500 0.346484 0.989583 0.346094 0.984028 0.349609 0.984722 0.350391 0.991667 0.357031 0.989583 0.362500 0.997222 0.366016 0.999306 0.369141 0.997917 0.367188 0.992361 0.362891 0.988194 0.362891 0.981944 0.358594 0.976389 0.360547 0.970139 0.359766 0.965278 0.361328 0.963194 0.356641 0.955556 0.350391 0.957639 0.349609 0.956250 0.351172 0.954861 0.350781 0.952778 0.341016 0.947917 0.337109 0.942361 0.330859 0.943056 0.282813 0.909028 0.280469 0.906250 0.280078 0.900694 0.278125 0.902778 0.277344 0.899306 0.275000 0.899306 0.273438 0.902083 0.265625 0.884722 0.259766 0.886111 0.258203 0.882639 0.249609 0.880556 0.248047 0.878472 0.244141 0.878472 0.242578 0.880556 0.235156 0.879167 0.233984 0.875000 0.230469 0.871528 0.230078 0.867361 0.226953 0.864583 0.224609 0.864583 0.222266 0.868750 0.219531 0.869444 0.219531 0.874306
0 0.190234 0.800694 0.186719 0.800694 0.183203 0.802778 0.182031 0.806944 0.175781 0.804861 0.175391 0.797222 0.169531 0.790972 0.169531 0.788889 0.171484 0.790278 0.169531 0.787500 0.169141 0.789583 0.165625 0.786111 0.165234 0.788194 0.157812 0.791667 0.157812 0.798611 0.161328 0.804167 0.162891 0.810417 0.166406 0.813194 0.170703 0.813194 0.173828 0.817361 0.173828 0.830556 0.175781 0.847917 0.172266 0.850000 0.172656 0.847917 0.170703 0.848611 0.166797 0.868056 0.167578 0.880556 0.123438 0.900000 0.120313 0.895139 0.116797 0.895139 0.114062 0.898611 0.109766 0.898611 0.108203 0.901389 0.103906 0.901389 0.103125 0.903472 0.098437 0.903472 0.095312 0.900694 0.093359 0.904861 0.090625 0.904861 0.090234 0.911111 0.080078 0.924306 0.078516 0.929861 0.075781 0.930556 0.074609 0.927778 0.074609 0.931944 0.072266 0.935417 0.073438 0.937500 0.071875 0.943750 0.069141 0.943750 0.067969 0.947222 0.066016 0.947917 0.062500 0.942361 0.058984 0.943750 0.059375 0.950694 0.055859 0.954861 0.055859 0.959722 0.059766 0.960417 0.060937 0.944444 0.063281 0.945833 0.064062 0.954861 0.069141 0.952778 0.076172 0.936806 0.081641 0.934028 0.081250 0.927083 0.084766 0.927083 0.093359 0.913194 0.100781 0.909722 0.103125 0.914583 0.105078 0.911111 0.109766 0.913194 0.110547 0.906250 0.114844 0.903472 0.118359 0.906944 0.126172 0.906944 0.130078 0.911111 0.138672 0.913194 0.143359 0.927778 0.143750 0.938194 0.147266 0.933333 0.154688 0.930556 0.157031 0.925694 0.160938 0.924306 0.162891 0.917361 0.166797 0.911111 0.170703 0.910417 0.174609 0.902778 0.181641 0.898611 0.184766 0.888194 0.188672 0.883333 0.186328 0.879167 0.187500 0.871528 0.174609 0.877778 0.173437 0.875694 0.175000 0.872917 0.175781 0.857639 0.178516 0.856250 0.180469 0.860417 0.180469 0.865972 0.185156 0.870139 0.185938 0.861806 0.192578 0.852083 0.192578 0.843056 0.196875 0.836806 0.196875 0.833333 0.194922 0.831944 0.194922 0.824306 0.188281 0.819444 0.188281 0.809722 0.189844 0.808333
0 0.828516 0.754167 0.828516 0.768750 0.831250 0.772917 0.830469 0.786806 0.832422 0.786806 0.831641 0.776389 0.835547 0.769444 0.832422 0.765278 0.830469 0.756944
0 0.826562 0.747222 0.823828 0.750000 0.823828 0.754861 0.826953 0.754861
0 0.828516 0.742361 0.826953 0.745833 0.828516 0.745833
0 0.083203 0.690972 0.089844 0.709028 0.089844 0.717361 0.092188 0.725000 0.098047 0.736806 0.110156 0.738194 0.114844 0.729861 0.119531 0.736806 0.123828 0.736806 0.129688 0.742361 0.132422 0.750694 0.140625 0.758333 0.145313 0.766667 0.153125 0.765972 0.159766 0.769444 0.164453 0.776389 0.167187 0.784028 0.168359 0.784028 0.170313 0.778472 0.171094 0.765278 0.168359 0.760417 0.168359 0.754861 0.165234 0.748611 0.164844 0.741667 0.144922 0.743056 0.144531 0.750000 0.142187 0.750694 0.137109 0.740278 0.130469 0.737500 0.130078 0.734722 0.128516 0.734028 0.128125 0.720833 0.128906 0.717361 0.130859 0.717361 0.124609 0.720139 0.123828 0.725694 0.117578 0.731250 0.114844 0.729167 0.113281 0.730556 0.108984 0.722222 0.101953 0.715972 0.101562 0.712500 0.096484 0.711111 0.093359 0.701389
0 0.145703 0.630556 0.144141 0.630556 0.142969 0.634722 0.137500 0.641667 0.133203 0.643750 0.133203 0.654167 0.134766 0.656250 0.134766 0.663889 0.136719 0.661806 0.139844 0.663194 0.140234 0.674306 0.141406 0.677083 0.139063 0.679167 0.137891 0.687500 0.135937 0.688889 0.135937 0.699306 0.133203 0.704861 0.132422 0.716667 0.133594 0.716667 0.135937 0.705556 0.135937 0.698611 0.140234 0.693750 0.139453 0.679861 0.141406 0.679167 0.141406 0.668056 0.142578 0.666667 0.141016 0.640972 0.146875 0.632639
0 0.000000 0.629861 0.000781 0.642361 0.004297 0.642361 0.006641 0.645139 0.013281 0.645139 0.013281 0.639583 0.014844 0.638889 0.019141 0.643056 0.030078 0.661111 0.036719 0.664583 0.038672 0.661111 0.043359 0.661806 0.046484 0.668056 0.048047 0.677778 0.055469 0.679167 0.057422 0.673611 0.062891 0.672222 0.065234 0.676389 0.063281 0.683333 0.063281 0.686806 0.065234 0.690278 0.070312 0.690278 0.071484 0.687500 0.081250 0.684722 0.080469 0.677778 0.078125 0.673611 0.063672 0.669444 0.056641 0.662500 0.044531 0.657639 0.039062 0.657639 0.035156 0.655556 0.033984 0.652778 0.027734 0.652083 0.023828 0.643056 0.023828 0.636111 0.006250 0.638889 0.003125 0.634722 0.001563 0.629167
0 0.179688 0.570139 0.178516 0.572222 0.178516 0.581944 0.176172 0.585417 0.175781 0.600694 0.173828 0.602083 0.171875 0.607639 0.169141 0.607639 0.166016 0.612500 0.161328 0.613889 0.159375 0.619444 0.158984 0.627778 0.156641 0.633333 0.153516 0.634028 0.148047 0.631250 0.150391 0.634028 0.150781 0.638194 0.156250 0.638889 0.160938 0.643056 0.160938 0.624306 0.164844 0.617361 0.175781 0.610417 0.175781 0.605556 0.178906 0.599306 0.180859 0.599306 0.181250 0.588889 0.179297 0.587500
0 0.196484 0.459722 0.192188 0.463889 0.193359 0.487500 0.196094 0.493056 0.196094 0.496528 0.194922 0.498611 0.193359 0.497222 0.194141 0.495833 0.191406 0.496528 0.191406 0.505556 0.185938 0.519444 0.185938 0.529167 0.187891 0.534722 0.187109 0.536111 0.185156 0.531250 0.182422 0.530556 0.178516 0.536806 0.173047 0.538889 0.172656 0.557639 0.175781 0.560417 0.175000 0.563194 0.161328 0.563194 0.160547 0.565278 0.153906 0.568056 0.148828 0.576389 0.148047 0.581250 0.144922 0.587500 0.144922 0.602778 0.141797 0.602778 0.142187 0.612500 0.143359 0.612500 0.144531 0.616667 0.144141 0.620139 0.142187 0.620139 0.146094 0.627083 0.148438 0.625000 0.145703 0.619444 0.145313 0.609028 0.147266 0.606250 0.146875 0.584722 0.149609 0.581250 0.155078 0.582639 0.160938 0.568750 0.172266 0.568056 0.173828 0.565278 0.176172 0.567361 0.181250 0.567361 0.185547 0.556250 0.185547 0.553472 0.183594 0.551389 0.185938 0.550000 0.188281 0.543750 0.188281 0.540972 0.187109 0.542361 0.187109 0.536111 0.188672 0.535417 0.191016 0.539583 0.192578 0.534722 0.192578 0.515278 0.194141 0.509722 0.197266 0.506944 0.201953 0.507639 0.198828 0.504861 0.199219 0.500000 0.205078 0.500694 0.205078 0.498611 0.202344 0.497917 0.201953 0.495833 0.199219 0.496528 0.198828 0.491667 0.200781 0.486806 0.207422 0.486111 0.207813 0.484028 0.205859 0.481250 0.205469 0.476389 0.202344 0.472917 0.199609 0.472917 0.197656 0.479861 0.196094 0.480556 0.194922 0.463889
0 0.200781 0.421528 0.196875 0.421528 0.194922 0.425000 0.194922 0.432639 0.193750 0.434028 0.195312 0.443056 0.197266 0.445139 0.197266 0.459028 0.200781 0.456944 0.200781 0.453472 0.205859 0.443056 0.205859 0.438889 0.201953 0.432639 0.201953 0.427083 0.203125 0.425000
0 0.223438 0.362500 0.220312 0.365278 0.221875 0.365972 0.223047 0.371528 0.222266 0.380556 0.218359 0.384722 0.217188 0.388889 0.213672 0.391667 0.213672 0.398611 0.211719 0.401389 0.205469 0.397222 0.205859 0.390278 0.208594 0.376389 0.211719 0.371528 0.216797 0.368056 0.207422 0.369444 0.203906 0.377083 0.203906 0.381944 0.205859 0.386806 0.205469 0.401389 0.207031 0.402778 0.204687 0.413889 0.208594 0.407639 0.211719 0.407639 0.214062 0.404861 0.213281 0.399306 0.215625 0.395833 0.215234 0.392361 0.216797 0.389583 0.219531 0.390278 0.223438 0.387500 0.225000 0.379167
0 0.221094 0.335417 0.221094 0.345833 0.225391 0.351389 0.225391 0.356944 0.225391 0.350000 0.227734 0.346528 0.228125 0.340972 0.222656 0.339583
0 0.231641 0.238194 0.227344 0.243056 0.228516 0.248611 0.232031 0.251389 0.232031 0.259028 0.230469 0.260417 0.230469 0.270139 0.227344 0.274306 0.228125 0.281944 0.224609 0.288194 0.226953 0.299306 0.225391 0.303472 0.225391 0.317361 0.222656 0.318750 0.222266 0.322222 0.223828 0.318750 0.227734 0.316667 0.230859 0.318750 0.228125 0.313889 0.228125 0.309722 0.231641 0.304167 0.231641 0.286111 0.235937 0.276389 0.235937 0.272222 0.233984 0.269444 0.234375 0.265278 0.232422 0.261806 0.235156 0.257639 0.232813 0.250694
0 0.596875 0.140278 0.593359 0.146528 0.593359 0.156944 0.591406 0.165278 0.585156 0.168056 0.584766 0.175000 0.592578 0.172917 0.597266 0.181944 0.596094 0.188194 0.596094 0.201389 0.601953 0.211806 0.599609 0.235417 0.602344 0.237500 0.605469 0.244444 0.605469 0.268750 0.607812 0.272917 0.607812 0.277083 0.615625 0.289583 0.615625 0.311806 0.612891 0.309028 0.609766 0.314583 0.609766 0.349306 0.602734 0.358333 0.599219 0.358333 0.606250 0.372222 0.606250 0.387500 0.605078 0.388889 0.603906 0.402083 0.603906 0.422917 0.604688 0.428472 0.610547 0.434722 0.609766 0.446528 0.607812 0.448611 0.607812 0.452778 0.609375 0.456250 0.607812 0.464583 0.597656 0.484028 0.596484 0.499306 0.594922 0.502083 0.594531 0.513889 0.592187 0.519444 0.591406 0.527778 0.583984 0.542361 0.580469 0.544444 0.580469 0.547222 0.578125 0.551389 0.578125 0.563194 0.582422 0.572917 0.590234 0.570139 0.594531 0.575000 0.590625 0.576389 0.593750 0.577778 0.594531 0.580556 0.592969 0.584028 0.592969 0.588889 0.591406 0.588194 0.589453 0.591667 0.590625 0.598611 0.595313 0.600000 0.595703 0.608333 0.592578 0.609028 0.592578 0.612500 0.594531 0.615278 0.598828 0.615278 0.596094 0.609028 0.597266 0.593056 0.598047 0.597222 0.602734 0.602778 0.602734 0.611111 0.600000 0.615278 0.604688 0.618056 0.607422 0.624306 0.607422 0.631250 0.608594 0.633333 0.608594 0.641667 0.606641 0.643750 0.607422 0.655556 0.610547 0.659722 0.612500 0.665972 0.612500 0.673611 0.614062 0.676389 0.614062 0.679861 0.615625 0.677778 0.619922 0.677778 0.620313 0.688194 0.623828 0.688889 0.623437 0.695139 0.621875 0.697917 0.621875 0.708333 0.625000 0.709722 0.633203 0.721528 0.633203 0.729167 0.639453 0.741667 0.641406 0.756944 0.644141 0.763194 0.646484 0.763889 0.645703 0.783333 0.648828 0.784028 0.651172 0.790278 0.651563 0.794444 0.649609 0.795139 0.656641 0.802083 0.662891 0.821528 0.662891 0.829167 0.665234 0.841667 0.664453 0.843750 0.667969 0.845833 0.671875 0.853472 0.671875 0.867361 0.669531 0.868750 0.670703 0.879861 0.669531 0.897222 0.663672 0.904861 0.663281 0.916667 0.660547 0.918056 0.660547 0.921528 0.656250 0.925000 0.655859 0.927778 0.659375 0.929167 0.666406 0.925000 0.670703 0.925000 0.671484 0.927083 0.676953 0.927778 0.678906 0.930556 0.679688 0.940972 0.676953 0.951389 0.680859 0.960417 0.681250 0.974306 0.678125 0.975000 0.676562 0.978472 0.676562 0.995139 0.677734 0.999306 0.686719 0.999306 0.688672 0.993056 0.692578 0.990278 0.691797 0.972917 0.695312 0.962500 0.695312 0.958333 0.692578 0.948611 0.690234 0.947222 0.686328 0.938889 0.682422 0.934722 0.683203 0.928472 0.685156 0.925000 0.685156 0.918056 0.683594 0.913194 0.683594 0.907639 0.676562 0.893750 0.676172 0.884028 0.678125 0.880556 0.682813 0.880556 0.685156 0.877778 0.683203 0.868750 0.680469 0.863889 0.680469 0.860417 0.676562 0.856944 0.678516 0.847222 0.674609 0.840972 0.674609 0.830556 0.677344 0.820139 0.677344 0.814583 0.675391 0.811111 0.673438 0.811111 0.674219 0.811806 0.672656 0.811806 0.673047 0.816667 0.671875 0.816667 0.671484 0.810417 0.669922 0.806944 0.669922 0.796528 0.666797 0.790278 0.664453 0.778472 0.660156 0.770139 0.657813 0.759722 0.655078 0.754167 0.655078 0.744444 0.653516 0.742361 0.653516 0.737500 0.650391 0.732639 0.649219 0.725000 0.643359 0.708333 0.643359 0.697917 0.637891 0.685417 0.637891 0.678472 0.634766 0.670833 0.634766 0.654861 0.637891 0.649306 0.637891 0.646528 0.634375 0.640972 0.634375 0.638194 0.632812 0.637500 0.628906 0.647917 0.626172 0.648611 0.616797 0.627778 0.608594 0.615278 0.607031 0.608333 0.607812 0.600694 0.603906 0.592361 0.596484 0.590972 0.603516 0.588194 0.603516 0.584028 0.600781 0.584028 0.597656 0.578472 0.597656 0.574306 0.599219 0.572917 0.599219 0.563889 0.601172 0.560417 0.608594 0.560417 0.608203 0.550000 0.620313 0.543750 0.622656 0.537500 0.622656 0.533333 0.619922 0.527778 0.619922 0.524306 0.621875 0.523611 0.621875 0.518750 0.619141 0.518750 0.616797 0.508333 0.619531 0.504861 0.619922 0.498611 0.621484 0.497917 0.622656 0.488889 0.619922 0.486111 0.619141 0.465972 0.617578 0.463194 0.618359 0.456250 0.616797 0.452083 0.617969 0.449306 0.617969 0.441667 0.615234 0.436111 0.614453 0.427778 0.611719 0.425694 0.610547 0.410417 0.612109 0.406944 0.612109 0.400000 0.609375 0.393750 0.611719 0.390278 0.616016 0.390278 0.619141 0.392361 0.621094 0.397222 0.619531 0.392361 0.619531 0.382639 0.617578 0.379167 0.617578 0.375694 0.619531 0.372222 0.619531 0.361111 0.614844 0.354167 0.614844 0.344444 0.617578 0.336806 0.617578 0.325000 0.616016 0.322917 0.616016 0.317361 0.621094 0.309028 0.620703 0.290972 0.616016 0.278472 0.616016 0.266667 0.610938 0.258333 0.610938 0.252778 0.613672 0.250000 0.613672 0.245139 0.610938 0.243750 0.610938 0.235417 0.607422 0.228472 0.611719 0.222917 0.611719 0.218056 0.606250 0.213194 0.605078 0.209028 0.605859 0.195139 0.601953 0.188889 0.600000 0.154167 0.596094 0.150694
0 0.241406 0.118750 0.232813 0.119444 0.233594 0.121528 0.236328 0.121528 0.237109 0.125694 0.234375 0.131250 0.231641 0.129861 0.228906 0.138194 0.228906 0.147917 0.226172 0.154167 0.225781 0.180556 0.227344 0.183333 0.227344 0.191667 0.228906 0.198611 0.233203 0.204861 0.230078 0.211806 0.230469 0.219444 0.228906 0.228472 0.230078 0.229861 0.230469 0.235417 0.231250 0.231250 0.232813 0.230556 0.233984 0.218750 0.231641 0.209028 0.233203 0.205556 0.235937 0.205556 0.230859 0.197222 0.228516 0.186111 0.228906 0.179167 0.230859 0.178472 0.232813 0.174306 0.232813 0.170139 0.229297 0.161111 0.229297 0.154861 0.231250 0.150000 0.235156 0.149306 0.235547 0.131944
0 0.609766 0.113194 0.598047 0.109028 0.597266 0.105556 0.595313 0.107639 0.595313 0.119444 0.592187 0.123611 0.592187 0.129167 0.586719 0.133333 0.587109 0.135417 0.589844 0.136111 0.589844 0.150694 0.591406 0.154167 0.592578 0.145139 0.596875 0.137500 0.599219 0.129167 0.603906 0.128472 0.603906 0.115278 0.610156 0.114583
0 0.232422 0.000694 0.231250 0.008333 0.227734 0.012500 0.227344 0.018056 0.230469 0.025694 0.230078 0.029861 0.230469 0.027083 0.236719 0.031250 0.234766 0.035417 0.235547 0.050000 0.232031 0.058333 0.232031 0.063889 0.233203 0.065278 0.233594 0.070833 0.233203 0.081250 0.236328 0.084722 0.236328 0.093056 0.239844 0.096528 0.241797 0.101389 0.240625 0.105556 0.240625 0.116667 0.244922 0.109722 0.244922 0.102778 0.238281 0.088889 0.238281 0.079861 0.236719 0.072917 0.237500 0.069444 0.240234 0.066667 0.240234 0.061806 0.241797 0.057639 0.241797 0.048611 0.240234 0.046528 0.240234 0.040972 0.242578 0.037500 0.242969 0.031944 0.238672 0.018750 0.236719 0.024306 0.234375 0.024306 0.232813 0.020833 0.232813 0.007639 0.239453 0.000694
0 0.855078 0.000000 0.843750 0.000000 0.839453 0.005556 0.837500 0.010417 0.837500 0.029167 0.832422 0.029861 0.832422 0.033333 0.829688 0.031250 0.828516 0.033333 0.828516 0.044444 0.825000 0.047917 0.825391 0.054167 0.826953 0.056944 0.826562 0.069444 0.823047 0.075000 0.825000 0.080556 0.823828 0.094444 0.819141 0.101389 0.812109 0.104167 0.814844 0.114583 0.814063 0.131250 0.819531 0.125694 0.823047 0.127778 0.823047 0.136111 0.819922 0.141667 0.819141 0.147222 0.815234 0.151389 0.815234 0.156944 0.820703 0.165278 0.820703 0.177778 0.824219 0.178472 0.824219 0.188889 0.826562 0.195833 0.826562 0.205556 0.828516 0.209028 0.826562 0.211111 0.826953 0.220139 0.825000 0.225694 0.831250 0.243750 0.830859 0.270833 0.828125 0.276389 0.832812 0.282639 0.832812 0.285417 0.830078 0.290972 0.829688 0.301389 0.835938 0.320139 0.835547 0.330556 0.837109 0.334028 0.838281 0.355556 0.841797 0.368750 0.841797 0.380556 0.839844 0.382639 0.840625 0.390972 0.839063 0.394444 0.838281 0.406250 0.839844 0.408333 0.840625 0.415972 0.843359 0.420139 0.843359 0.431250 0.841797 0.436111 0.841406 0.445833 0.834766 0.451389 0.833203 0.472917 0.830859 0.477083 0.830078 0.494444 0.832812 0.499306 0.836719 0.500694 0.832422 0.503472 0.830859 0.516667 0.831641 0.522222 0.833984 0.525000 0.835156 0.535417 0.837500 0.540278 0.839063 0.550000 0.837500 0.554167 0.831641 0.554861 0.831641 0.557639 0.834766 0.559722 0.834766 0.565972 0.825000 0.578472 0.824219 0.588889 0.819531 0.586806 0.819531 0.579861 0.816406 0.575694 0.814453 0.579167 0.814453 0.584028 0.816016 0.585417 0.817578 0.594444 0.825391 0.593750 0.823047 0.597917 0.823047 0.602083 0.824609 0.604861 0.820312 0.606250 0.818359 0.604167 0.819531 0.609028 0.817187 0.610417 0.819531 0.615972 0.820312 0.631944 0.817187 0.636111 0.816797 0.645139 0.821094 0.663889 0.819531 0.677778 0.828906 0.692361 0.830469 0.706250 0.829297 0.709722 0.827344 0.699306 0.825781 0.702778 0.824609 0.697917 0.820312 0.703472 0.818750 0.707639 0.818750 0.712500 0.823828 0.724306 0.824219 0.733333 0.830859 0.746528 0.831250 0.741667 0.835547 0.733333 0.835547 0.730556 0.832812 0.725694 0.832422 0.715278 0.837500 0.705556 0.840234 0.704167 0.840234 0.700694 0.834766 0.690972 0.834766 0.679167 0.832422 0.674306 0.832422 0.669444 0.831250 0.670139 0.827344 0.628472 0.828516 0.618750 0.826562 0.609028 0.825000 0.607639 0.830469 0.604861 0.828516 0.600000 0.829688 0.594444 0.829688 0.580556 0.835547 0.573611 0.839453 0.566667 0.839453 0.560417 0.845313 0.552778 0.845313 0.548611 0.842187 0.544444 0.840625 0.534722 0.836328 0.527083 0.836328 0.520139 0.839063 0.516667 0.838672 0.499306 0.837500 0.498611 0.842578 0.489583 0.847266 0.486806 0.848828 0.478472 0.846484 0.475694 0.842187 0.475694 0.838281 0.466667 0.838281 0.453472 0.839063 0.451389 0.848047 0.451389 0.847656 0.446528 0.852734 0.431944 0.852734 0.427778 0.850000 0.425000 0.850391 0.419444 0.855469 0.411806 0.855859 0.403472 0.846875 0.388889 0.847266 0.384028 0.849609 0.380556 0.849609 0.368750 0.845313 0.362500 0.845313 0.352083 0.848437 0.345833 0.848828 0.339583 0.842578 0.328472 0.842578 0.307639 0.839453 0.301389 0.839844 0.285417 0.838672 0.276389 0.843750 0.270833 0.843750 0.268750 0.841406 0.263889 0.841406 0.256250 0.839063 0.255556 0.838281 0.250694 0.835938 0.250000 0.835156 0.238194 0.840234 0.231250 0.836719 0.220833 0.837891 0.218056 0.837891 0.205556 0.836328 0.205556 0.834766 0.200694 0.834766 0.204861 0.830859 0.207639 0.832812 0.195833 0.832812 0.177083 0.829688 0.175000 0.830859 0.172222 0.829688 0.145139 0.831250 0.138194 0.830469 0.127778 0.828516 0.127778 0.826172 0.122917 0.825391 0.115278 0.828516 0.106250 0.833984 0.102083 0.832031 0.095833 0.832422 0.079861 0.835938 0.072222 0.835547 0.056944 0.832812 0.052083 0.832422 0.047917 0.835156 0.042361 0.840234 0.040972 0.840234 0.037500 0.843750 0.031250 0.843750 0.025000 0.846875 0.020833 0.846875 0.011111 0.851562 0.007639 0.852734 0.000000
0 0.585938 0.000000 0.582812 0.003472 0.578125 0.003472 0.577734 0.021528 0.585156 0.022222 0.587500 0.024306 0.586328 0.049306 0.587500 0.052778 0.590625 0.051389 0.591016 0.054167 0.586328 0.063194 0.585547 0.074306 0.587891 0.079167 0.587891 0.093750 0.592578 0.102778 0.596094 0.104861 0.602734 0.097222 0.602344 0.074306 0.603516 0.070139 0.606641 0.066667 0.606641 0.063194 0.601172 0.057639 0.592187 0.056944 0.593359 0.050694 0.592187 0.034722 0.584375 0.014583 0.584375 0.007639 0.586328 0.006250
