0 0.498047 0.889583 0.497656 0.907639 0.505078 0.928472 0.507422 0.940972 0.505078 0.949306 0.504297 0.962500 0.498047 0.984028 0.498047 0.993750 0.496484 0.999306 0.498437 0.999306 0.499609 0.988194 0.503516 0.975000 0.508594 0.944444 0.508594 0.932639 0.501563 0.914583
0 0.444922 0.873611 0.441797 0.875000 0.442578 0.895833 0.448437 0.915278 0.448828 0.960417 0.450391 0.965972 0.450391 0.981250 0.446875 0.988194 0.443750 0.999306 0.449609 0.987500 0.451953 0.972917 0.450000 0.957639 0.451562 0.925000 0.448437 0.906944 0.444922 0.896528
0 0.492969 0.818750 0.497266 0.841667 0.497266 0.856944 0.496094 0.861111 0.497266 0.871528 0.497266 0.864583 0.498437 0.861806 0.498437 0.836111 0.496094 0.823611
0 0.460547 0.793056 0.457813 0.793056 0.459375 0.806250 0.458203 0.815972 0.462500 0.799306 0.462500 0.795139
0 0.506641 0.775694 0.501953 0.785417 0.500781 0.793750 0.501953 0.797222 0.505859 0.796528
0 0.514453 0.774306 0.518359 0.788889 0.524219 0.795139 0.525000 0.811806 0.532422 0.844444 0.542578 0.859722 0.546094 0.876389 0.545312 0.890972 0.547656 0.893750 0.546094 0.904167 0.548047 0.907639 0.548438 0.932639 0.545312 0.936111 0.544922 0.952778 0.543359 0.961111 0.540625 0.967361 0.537109 0.970833 0.536328 0.986111 0.539453 0.997917 0.544531 0.998611 0.543359 0.992361 0.540234 0.986111 0.539453 0.971528 0.547266 0.959722 0.546875 0.938194 0.549609 0.930556 0.549609 0.908333 0.548047 0.904861 0.550000 0.898611 0.549219 0.873611 0.546875 0.873611 0.543750 0.854167 0.539844 0.848611 0.536328 0.847222 0.532422 0.840278 0.529687 0.821528 0.526172 0.807639 0.526172 0.793750 0.517969 0.776389
0 0.460156 0.737500 0.460156 0.751389 0.462891 0.765972 0.462500 0.779861 0.465625 0.782639
0 0.458203 0.676389 0.458203 0.685417 0.460156 0.690278 0.460156 0.695139 0.457422 0.702083 0.459375 0.702083 0.461328 0.697222 0.461328 0.684028 0.463281 0.677083
0 0.495312 0.282639 0.497656 0.289583 0.497266 0.296528 0.501172 0.298611 0.503125 0.304861 0.508203 0.336111 0.508203 0.340278 0.505859 0.347222 0.503516 0.377778 0.501172 0.386806 0.504687 0.393750 0.503125 0.411111 0.509375 0.441667 0.508203 0.443750 0.508594 0.452778 0.511719 0.463194 0.512500 0.488889 0.511328 0.497917 0.513672 0.515278 0.520703 0.545139 0.520703 0.550000 0.517969 0.552083 0.517578 0.558333 0.519141 0.566667 0.522656 0.574306 0.523438 0.586111 0.526172 0.597917 0.526172 0.605556 0.524219 0.616667 0.519531 0.626389 0.516797 0.637500 0.516016 0.671528 0.514453 0.675694 0.504297 0.688194 0.500391 0.702083 0.500000 0.722222 0.501953 0.727083 0.500391 0.735417 0.502344 0.745139 0.498828 0.747222 0.498828 0.755556 0.500391 0.761111 0.504297 0.763194 0.504297 0.771528 0.505859 0.772222 0.507812 0.767361 0.508203 0.761806 0.506250 0.756944 0.502344 0.753472 0.504297 0.744444 0.501953 0.736111 0.504297 0.727083 0.503906 0.707639 0.507422 0.690278 0.512891 0.686806 0.518359 0.673611 0.519141 0.650000 0.520703 0.645833 0.521094 0.637500 0.529297 0.604861 0.529297 0.595139 0.525000 0.585417 0.525000 0.570139 0.521875 0.560417 0.521484 0.535417 0.516406 0.522222 0.516797 0.501389 0.515625 0.483333 0.514062 0.477778 0.512891 0.455556 0.509766 0.447222 0.509766 0.427083 0.507031 0.420139 0.506250 0.397917 0.504687 0.392361 0.504687 0.372917 0.507031 0.352083 0.510156 0.345139 0.509766 0.330556 0.504687 0.307639 0.505078 0.300694 0.502344 0.296528 0.501953 0.290278 0.499219 0.291667 0.497656 0.284028
0 0.494922 0.206944 0.491797 0.215278 0.492969 0.262500 0.494141 0.272222 0.495703 0.274306 0.494141 0.243056
0 0.496094 0.096528 0.501563 0.110417 0.500781 0.118056 0.505469 0.118750 0.506641 0.120833 0.506641 0.126389 0.502734 0.132639 0.500391 0.143056 0.502734 0.162500 0.500000 0.169444 0.499609 0.176389 0.496875 0.179167 0.497656 0.186806 0.495312 0.197222 0.495312 0.204167 0.501563 0.170139 0.505469 0.161111 0.503516 0.143056 0.505078 0.134028 0.508984 0.124306 0.508203 0.118056 0.502344 0.115972 0.501953 0.107639
0 0.499609 0.000694 0.498437 0.000694 0.500781 0.032639 0.492578 0.061111 0.492578 0.077778 0.494531 0.075000 0.495703 0.050694 0.502344 0.033333 0.503125 0.013194 0.500781 0.008333
