0 0.001563 0.750000 0.001953 0.754167 0.010156 0.763889 0.019531 0.770139 0.028125 0.780556 0.030078 0.785417 0.035937 0.788194 0.041016 0.793750 0.045312 0.809028 0.045312 0.820833 0.040234 0.838194 0.037109 0.858333 0.033984 0.860417 0.033203 0.874306 0.030859 0.884028 0.030078 0.902083 0.026953 0.911806 0.026172 0.925694 0.018359 0.938889 0.015234 0.947222 0.007422 0.981250 0.003906 0.989583 0.001953 0.999306 0.005078 0.997917 0.011719 0.964583 0.014844 0.954861 0.019531 0.946528 0.021875 0.935417 0.029297 0.929861 0.029297 0.913194 0.032813 0.894444 0.032813 0.884722 0.035937 0.875000 0.036719 0.864583 0.040234 0.859722 0.041406 0.839583 0.046484 0.824306 0.058984 0.829861 0.066016 0.830556 0.073828 0.835417 0.085156 0.834028 0.096484 0.836806 0.100000 0.832639 0.108594 0.837500 0.108984 0.861806 0.110547 0.863194 0.112109 0.903472 0.116406 0.918750 0.116016 0.961806 0.118750 0.968750 0.120313 0.999306 0.121484 0.999306 0.121484 0.981944 0.119141 0.965278 0.118359 0.913889 0.116016 0.911111 0.113281 0.901389 0.111328 0.866667 0.112109 0.847917 0.107813 0.831250 0.101562 0.829167 0.088281 0.831250 0.073438 0.830556 0.068750 0.827778 0.048828 0.825000 0.046094 0.814583 0.046484 0.797917 0.044531 0.789583 0.040234 0.786111 0.033594 0.786111 0.020703 0.768056 0.015234 0.765278 0.012109 0.759722
0 0.267188 0.330556 0.262500 0.338194 0.255078 0.344444 0.249609 0.365278 0.246875 0.368750 0.237500 0.373611 0.250781 0.372222 0.252734 0.352083 0.256641 0.345139 0.262109 0.342361
0 0.298828 0.277083 0.290234 0.300000 0.282031 0.311806 0.273438 0.315972 0.269922 0.325694 0.274609 0.319444 0.282031 0.317361 0.292969 0.299306 0.298828 0.281250
0 0.170313 0.272917 0.167578 0.277083 0.165234 0.286111 0.160547 0.290972 0.155078 0.304167 0.167578 0.284722
0 0.062109 0.271528 0.063672 0.275694 0.064844 0.294444 0.073047 0.330556 0.073047 0.323611 0.068359 0.311111 0.067969 0.302778 0.065625 0.295833 0.066016 0.281250 0.063281 0.271528
0 0.082812 0.225694 0.082422 0.230556 0.084375 0.235417 0.087891 0.261806 0.088672 0.254167
0 0.191406 0.178472 0.187891 0.186806 0.184766 0.187500 0.183594 0.193056 0.179297 0.197917 0.177344 0.217361 0.179688 0.227083 0.172656 0.246528 0.172266 0.253472 0.173437 0.257639 0.174609 0.257639 0.175391 0.240972 0.182812 0.224306 0.182812 0.220833 0.179688 0.214583 0.180078 0.204167 0.185156 0.190972 0.191016 0.184722
0 0.273438 0.106250 0.271094 0.100000 0.263672 0.100000 0.260156 0.102083 0.244141 0.125694 0.239063 0.126389 0.233984 0.136806 0.228125 0.140278 0.223828 0.150000 0.219922 0.152083 0.210938 0.166667 0.199609 0.170139 0.192188 0.170139 0.189844 0.168056 0.185938 0.170139 0.190234 0.174306 0.198828 0.175000 0.202344 0.171528 0.212891 0.171528 0.216797 0.165278 0.217969 0.159028 0.230469 0.154167 0.226953 0.149306 0.229297 0.142361 0.237500 0.138889 0.238672 0.134028 0.241406 0.130556 0.249609 0.125694 0.260156 0.106944 0.269531 0.103472
0 0.000000 0.393056 0.005469 0.401389 0.008594 0.402083 0.013281 0.391667 0.024219 0.377083 0.035156 0.368056 0.046875 0.362500 0.059766 0.347917 0.062109 0.347222 0.065234 0.341667 0.080078 0.335417 0.086328 0.335417 0.091406 0.338889 0.120313 0.338889 0.121875 0.336806 0.129688 0.338194 0.132812 0.342361 0.142187 0.345139 0.151953 0.364583 0.152734 0.370833 0.157031 0.375000 0.157422 0.381250 0.154297 0.379167 0.149609 0.387500 0.152734 0.398611 0.151562 0.406250 0.153125 0.415278 0.151562 0.425694 0.148438 0.435417 0.148438 0.440972 0.141797 0.455556 0.142187 0.474306 0.134375 0.473611 0.137500 0.462500 0.133203 0.472917 0.128125 0.475694 0.125781 0.483333 0.117188 0.488889 0.112891 0.488889 0.109766 0.485417 0.105859 0.486111 0.105078 0.495833 0.100000 0.498611 0.096484 0.504167 0.082031 0.494444 0.072656 0.497222 0.063281 0.506250 0.053516 0.507639 0.049219 0.500694 0.038672 0.495139 0.032813 0.497222 0.026953 0.504167 0.026562 0.509722 0.037500 0.497917 0.044531 0.504167 0.047656 0.504167 0.052344 0.512500 0.058594 0.511806 0.072266 0.500000 0.078516 0.500000 0.083203 0.503472 0.089844 0.502778 0.092188 0.506944 0.095312 0.520833 0.094141 0.549306 0.091016 0.561806 0.091016 0.584028 0.087500 0.589583 0.086719 0.620139 0.081641 0.631250 0.064062 0.640278 0.059375 0.647917 0.055078 0.666667 0.054688 0.675000 0.049219 0.687500 0.046875 0.697917 0.047656 0.727083 0.045312 0.735417 0.044141 0.758333 0.045312 0.770833 0.047266 0.769444 0.045312 0.761111 0.045312 0.745139 0.048047 0.732639 0.048438 0.702083 0.050781 0.686806 0.052344 0.683333 0.056250 0.681250 0.057031 0.668056 0.059766 0.652083 0.065234 0.644444 0.071484 0.643056 0.081641 0.636111 0.086719 0.627083 0.089844 0.614583 0.092969 0.629861 0.091797 0.652083 0.094531 0.659722 0.094531 0.665278 0.091406 0.672222 0.091406 0.679861 0.093750 0.686806 0.095312 0.712500 0.096484 0.711806 0.097266 0.713889 0.096484 0.725000 0.101953 0.738194 0.102344 0.767361 0.105859 0.780556 0.102734 0.788889 0.103906 0.802083 0.100781 0.815278 0.105469 0.808333 0.105469 0.800694 0.103516 0.790972 0.107031 0.785417 0.107422 0.772222 0.103516 0.766667 0.103516 0.731944 0.100000 0.727778 0.098047 0.720139 0.098047 0.711806 0.096484 0.707639 0.096094 0.673611 0.101172 0.661111 0.111328 0.650694 0.125000 0.650000 0.126562 0.645833 0.110156 0.647222 0.100391 0.657639 0.098047 0.657639 0.096484 0.654861 0.096484 0.643750 0.094141 0.635417 0.093359 0.618750 0.089453 0.607639 0.090234 0.596528 0.094141 0.592361 0.093750 0.584028 0.091797 0.576389 0.092188 0.565278 0.094922 0.561806 0.098047 0.509028 0.101172 0.503472 0.118359 0.493056 0.135156 0.479167 0.141797 0.480556 0.142187 0.486111 0.144922 0.491667 0.164453 0.510417 0.168750 0.521528 0.168750 0.538194 0.173047 0.549306 0.169922 0.566667 0.164453 0.579167 0.164453 0.591667 0.161328 0.604167 0.164844 0.598611 0.167578 0.576389 0.170313 0.570833 0.174609 0.571528 0.175781 0.564583 0.176563 0.545833 0.171875 0.539583 0.172266 0.531944 0.181250 0.518750 0.185938 0.520833 0.191797 0.520139 0.193359 0.524306 0.196875 0.525694 0.201563 0.520833 0.232031 0.520833 0.238672 0.515278 0.246094 0.515278 0.249219 0.519444 0.249219 0.526389 0.253906 0.523611 0.267578 0.524306 0.275781 0.526389 0.282031 0.531944 0.303125 0.531944 0.308984 0.527083 0.324219 0.527778 0.315625 0.522917 0.311328 0.515278 0.310156 0.511111 0.310156 0.494444 0.314453 0.481944 0.318359 0.476389 0.324219 0.475694 0.334766 0.467361 0.341797 0.467361 0.345313 0.470833 0.356250 0.467361 0.369141 0.467361 0.378906 0.472222 0.385547 0.472222 0.384766 0.475000 0.398828 0.473611 0.408203 0.465972 0.419922 0.465278 0.428125 0.468056 0.429688 0.470833 0.438672 0.475694 0.446875 0.472917 0.451953 0.464583 0.455469 0.463889 0.466406 0.473611 0.468750 0.477778 0.479687 0.477778 0.484766 0.474306 0.488281 0.481944 0.491016 0.484028 0.507031 0.485417 0.507031 0.492361 0.531641 0.495139 0.546094 0.505556 0.552344 0.507639 0.562500 0.506944 0.565625 0.504861 0.573438 0.491667 0.581641 0.488889 0.594531 0.488194 0.596875 0.490972 0.597656 0.497917 0.603125 0.506944 0.617188 0.511806 0.626172 0.512500 0.626563 0.518056 0.637891 0.514583 0.642969 0.520833 0.654687 0.520833 0.661719 0.515278 0.674219 0.515972 0.680078 0.520833 0.694922 0.520139 0.697266 0.522222 0.708984 0.522917 0.714453 0.529167 0.718750 0.538889 0.731641 0.546528 0.738672 0.547917 0.744141 0.554861 0.746875 0.563194 0.748828 0.578472 0.747266 0.618056 0.753516 0.632639 0.749219 0.636111 0.757422 0.659722 0.773828 0.697222 0.787891 0.725000 0.794922 0.734028 0.810156 0.745833 0.814844 0.755556 0.815234 0.759722 0.817578 0.762500 0.814844 0.755556 0.821094 0.762500 0.820703 0.765278 0.819141 0.765278 0.828906 0.784028 0.828516 0.777083 0.835156 0.792361 0.835156 0.795139 0.833984 0.794444 0.836328 0.807639 0.842578 0.815972 0.842578 0.826389 0.843750 0.829167 0.851172 0.837500 0.859766 0.843056 0.862500 0.852083 0.868750 0.861806 0.872656 0.873611 0.871094 0.877778 0.875000 0.893056 0.887891 0.913889 0.893750 0.932639 0.896875 0.936111 0.901172 0.936806 0.904687 0.944444 0.914844 0.952778 0.928516 0.981250 0.933984 0.999306 0.941797 0.999306 0.929688 0.965972 0.924219 0.961111 0.917188 0.942361 0.902734 0.929861 0.894531 0.915972 0.882812 0.875000 0.874219 0.864583 0.873047 0.854167 0.875000 0.849306 0.875000 0.841667 0.872266 0.833333 0.865625 0.825694 0.863672 0.810417 0.861328 0.806250 0.857031 0.804167 0.850781 0.797222 0.844922 0.795833 0.840625 0.788194 0.837500 0.779861 0.835938 0.767361 0.831641 0.756250 0.828125 0.754861 0.828516 0.744444 0.826953 0.738194 0.820703 0.731944 0.814063 0.716667 0.806641 0.711806 0.799219 0.711111 0.783594 0.697917 0.787500 0.682639 0.782422 0.677083 0.780469 0.670833 0.773438 0.660417 0.764453 0.651389 0.759375 0.636111 0.759766 0.629167 0.751563 0.606944 0.751953 0.575694 0.753906 0.563889 0.761328 0.548611 0.767578 0.543056 0.773047 0.541667 0.814063 0.589583 0.831641 0.619444 0.837891 0.619444 0.839063 0.616667 0.851562 0.619444 0.863281 0.632639 0.878125 0.643750 0.884766 0.646528 0.902734 0.647222 0.908984 0.656250 0.918750 0.663889 0.921484 0.663194 0.923047 0.659028 0.935547 0.659722 0.948828 0.663889 0.960156 0.659028 0.977734 0.659722 0.983984 0.654167 0.986328 0.654167 0.999609 0.664583 0.999609 0.631250 0.983594 0.635417 0.969922 0.627778 0.958594 0.626389 0.954297 0.619444 0.951172 0.618750 0.942187 0.634028 0.938281 0.634028 0.933203 0.630556 0.924219 0.641667 0.916406 0.647917 0.906641 0.636111 0.883594 0.629861 0.870703 0.613889 0.850391 0.604167 0.838672 0.601389 0.832031 0.592361 0.822266 0.589583 0.804688 0.572222 0.795312 0.556944 0.784766 0.535417 0.780469 0.520139 0.759766 0.519444 0.756641 0.527778 0.750391 0.529861 0.749219 0.527778 0.750000 0.520139 0.747656 0.519444 0.746484 0.528472 0.743359 0.532639 0.740234 0.532639 0.737891 0.527778 0.727344 0.522222 0.721094 0.513889 0.713672 0.511806 0.710938 0.506944 0.708984 0.497222 0.704297 0.490972 0.698438 0.490278 0.692969 0.480556 0.689063 0.477083 0.674609 0.478472 0.666797 0.484722 0.657813 0.486111 0.638672 0.499306 0.633203 0.495139 0.628906 0.495139 0.623828 0.490278 0.616016 0.489583 0.603906 0.483333 0.596484 0.475694 0.589844 0.475694 0.581250 0.479167 0.567578 0.477778 0.564453 0.481944 0.564063 0.489583 0.562500 0.491667 0.552344 0.493056 0.537891 0.483333 0.523047 0.483333 0.517188 0.479861 0.508984 0.479861 0.500000 0.470139 0.489453 0.473611 0.486719 0.468056 0.482422 0.463889 0.479297 0.464583 0.475781 0.469444 0.472656 0.468750 0.462500 0.453472 0.460547 0.427083 0.457813 0.412500 0.457813 0.398611 0.456250 0.398611 0.454297 0.370139 0.448437 0.350694 0.446094 0.325694 0.439844 0.316667 0.436328 0.299306 0.432812 0.290972 0.434766 0.271528 0.435937 0.225694 0.440625 0.202778 0.439844 0.185417 0.447266 0.168056 0.447266 0.133333 0.450000 0.127778 0.450000 0.122917 0.448047 0.115972 0.448437 0.095139 0.444141 0.079861 0.443359 0.064583 0.437500 0.052083 0.435937 0.040278 0.430078 0.027778 0.427734 0.028472 0.430469 0.035417 0.431250 0.048611 0.437109 0.060417 0.435937 0.071528 0.441016 0.078472 0.443359 0.086806 0.444141 0.102083 0.446094 0.109722 0.446094 0.143056 0.444922 0.147222 0.444531 0.163194 0.439453 0.181944 0.436719 0.179861 0.438281 0.199306 0.435937 0.218056 0.432422 0.229861 0.431641 0.275694 0.428906 0.266667 0.422656 0.258333 0.419531 0.239583 0.419922 0.231250 0.414844 0.223611 0.410938 0.222917 0.409375 0.225694 0.407422 0.225694 0.399609 0.214583 0.388281 0.223611 0.385156 0.223611 0.380859 0.218750 0.375781 0.218750 0.373437 0.215278 0.359375 0.223611 0.352344 0.223611 0.340234 0.208333 0.332422 0.206250 0.325781 0.196528 0.321875 0.175000 0.316016 0.159028 0.311328 0.150694 0.307422 0.136806 0.297266 0.125000 0.285547 0.121528 0.281641 0.110417 0.280469 0.113889 0.274609 0.108333 0.280078 0.113194 0.282031 0.120833 0.285156 0.126389 0.301953 0.131250 0.305469 0.137500 0.307812 0.147917 0.313672 0.163194 0.316016 0.175000 0.322656 0.188889 0.323047 0.202083 0.312109 0.202083 0.303516 0.193750 0.300781 0.193750 0.301563 0.197917 0.308984 0.200000 0.312109 0.204167 0.325000 0.204167 0.330078 0.210417 0.339844 0.210417 0.343359 0.217361 0.341797 0.225694 0.343359 0.227083 0.351562 0.227083 0.373047 0.218750 0.375391 0.222222 0.380078 0.222917 0.383594 0.227778 0.388281 0.225694 0.404297 0.226389 0.416797 0.239583 0.421484 0.261806 0.428516 0.273611 0.428906 0.284028 0.435937 0.313194 0.440234 0.322917 0.445312 0.329861 0.446094 0.346528 0.450391 0.361111 0.454688 0.385417 0.454688 0.394444 0.456250 0.401389 0.455859 0.415972 0.458984 0.434722 0.458594 0.459722 0.450391 0.459722 0.443750 0.465972 0.437891 0.465972 0.433203 0.462500 0.430469 0.457639 0.417969 0.456944 0.416016 0.460417 0.400000 0.463194 0.394531 0.468056 0.390234 0.468056 0.388281 0.465278 0.374609 0.465278 0.371484 0.462500 0.366016 0.462500 0.361328 0.459722 0.353906 0.463194 0.331250 0.462500 0.319531 0.450000 0.315625 0.433333 0.312891 0.429167 0.298047 0.428472 0.294922 0.431250 0.300781 0.431250 0.306250 0.438194 0.313281 0.440972 0.321094 0.456250 0.333594 0.466667 0.329688 0.470833 0.319141 0.472917 0.314453 0.477778 0.308594 0.489583 0.304688 0.506250 0.298438 0.513889 0.271094 0.515278 0.258984 0.506944 0.257031 0.503472 0.256250 0.497917 0.251953 0.498611 0.244141 0.504167 0.233594 0.504167 0.223828 0.509028 0.206250 0.509722 0.199609 0.507639 0.194531 0.502083 0.194922 0.488194 0.196094 0.483333 0.202344 0.472917 0.202734 0.464583 0.206250 0.450694 0.210156 0.445833 0.212500 0.436806 0.210938 0.431250 0.212500 0.427083 0.210938 0.419444 0.215234 0.404167 0.219141 0.399306 0.225000 0.395139 0.235547 0.394444 0.242969 0.397222 0.239844 0.400694 0.243750 0.402778 0.246875 0.401389 0.249609 0.406250 0.254297 0.406944 0.258594 0.411806 0.266016 0.413194 0.269922 0.410417 0.276953 0.420833 0.282422 0.424306 0.285547 0.423611 0.286328 0.420833 0.292578 0.424306 0.298438 0.422222 0.299219 0.420139 0.293359 0.420139 0.290625 0.422917 0.285938 0.416667 0.285547 0.422222 0.283203 0.423611 0.270313 0.407639 0.266797 0.411806 0.260156 0.410417 0.255078 0.404861 0.251563 0.404167 0.242969 0.393750 0.232813 0.391667 0.231250 0.393750 0.205859 0.393750 0.194141 0.397222 0.189062 0.390972 0.184375 0.390972 0.170703 0.384722 0.166016 0.379861 0.160547 0.379861 0.157422 0.376389 0.153125 0.365972 0.150781 0.350000 0.155859 0.336806 0.157422 0.321528 0.160938 0.313889 0.163281 0.312500 0.162891 0.307639 0.160156 0.300694 0.159375 0.304167 0.161328 0.309722 0.156641 0.318750 0.150391 0.317361 0.148438 0.320139 0.143750 0.341667 0.140234 0.340972 0.134766 0.335417 0.102344 0.334722 0.087109 0.327083 0.076563 0.334028 0.056250 0.340972 0.047266 0.348611 0.040234 0.359028 0.031250 0.368056 0.020313 0.372222 0.010937 0.391667 0.006250 0.395139
0 0.020703 0.012500 0.032813 0.009722 0.038672 0.012500 0.042578 0.011111 0.045312 0.015972 0.044531 0.040278 0.040625 0.050694 0.040234 0.063889 0.042188 0.072222 0.043359 0.089583 0.046484 0.101389 0.050781 0.127778 0.051562 0.151389 0.055469 0.168056 0.054688 0.197917 0.057031 0.205556 0.057031 0.195833 0.055078 0.187500 0.056641 0.167361 0.051953 0.145139 0.051953 0.133333 0.054297 0.131944 0.060156 0.140278 0.062500 0.147917 0.067187 0.153472 0.072266 0.172222 0.073438 0.184722 0.076953 0.198611 0.076953 0.204861 0.078516 0.207639 0.078125 0.195139 0.073828 0.177778 0.073438 0.168750 0.066406 0.145833 0.062500 0.142361 0.057813 0.132639 0.052344 0.126389 0.050391 0.106250 0.042578 0.064583 0.042188 0.054167 0.046875 0.039583 0.047266 0.022222 0.048438 0.022222 0.048438 0.018056 0.051172 0.018056 0.045703 0.013889 0.043750 0.009722 0.039453 0.011806 0.035547 0.009028 0.029297 0.009028
