0 0.041016 0.574306 0.042188 0.580556 0.044922 0.580556 0.046875 0.576389 0.046875 0.573611
0 0.210547 0.527778 0.214062 0.532639 0.212891 0.532639 0.214453 0.534722 0.219922 0.535417 0.220312 0.531944 0.218750 0.528472
0 0.000000 0.534722 0.000000 0.552083 0.002344 0.556250 0.005078 0.553472 0.010156 0.559028 0.020703 0.559722 0.017578 0.556250 0.017188 0.551389 0.020703 0.547222 0.032422 0.546528 0.038281 0.553472 0.048828 0.553472 0.052344 0.559722 0.052734 0.565972 0.046484 0.571528 0.049609 0.571528 0.055469 0.580556 0.058594 0.579861 0.068750 0.590278 0.069922 0.594444 0.075000 0.595833 0.075000 0.584722 0.081641 0.586111 0.086328 0.594444 0.087891 0.594444 0.096875 0.579167 0.104688 0.579167 0.112891 0.583333 0.114453 0.581944 0.114453 0.577778 0.117578 0.577778 0.117969 0.579861 0.125391 0.575000 0.140625 0.574306 0.144531 0.578472 0.148828 0.579861 0.148438 0.577083 0.142969 0.571528 0.139844 0.565278 0.139063 0.555556 0.145703 0.549306 0.153906 0.548611 0.156641 0.545833 0.155859 0.540972 0.144141 0.540278 0.138672 0.545833 0.136328 0.552778 0.132422 0.556250 0.129297 0.565278 0.125000 0.569444 0.111328 0.572917 0.103906 0.564583 0.091797 0.565972 0.085547 0.572222 0.075781 0.574306 0.073438 0.583333 0.071094 0.577083 0.065625 0.576389 0.064844 0.572917 0.066016 0.568056 0.059766 0.565278 0.050391 0.544444 0.042969 0.538194 0.032031 0.534028 0.027734 0.527778 0.022266 0.527778 0.015234 0.536111 0.006250 0.532639 0.001953 0.532639
0 0.181250 0.521528 0.180469 0.525694 0.181641 0.529167 0.179688 0.530556 0.184766 0.536111 0.188672 0.536111 0.184375 0.524306
0 0.378125 0.532639 0.378125 0.534722 0.381250 0.534722 0.389453 0.525000 0.392188 0.527778 0.398438 0.529167 0.411328 0.542361 0.423438 0.545833 0.429688 0.543056 0.434375 0.546528 0.439063 0.546528 0.441016 0.543056 0.430078 0.541667 0.435937 0.536111 0.441016 0.534722 0.439844 0.531250 0.429297 0.534722 0.426172 0.540278 0.419141 0.540278 0.415625 0.537500 0.407813 0.524306 0.401953 0.519444 0.394531 0.517361 0.390625 0.518056
0 0.377344 0.534028 0.372656 0.520139 0.365625 0.511806 0.344531 0.515278 0.328516 0.509722 0.323047 0.513889 0.312500 0.515972 0.296484 0.529167 0.294141 0.534722 0.294922 0.540278 0.291797 0.536806 0.286328 0.536806 0.282813 0.540278 0.274219 0.540278 0.266016 0.547917 0.265234 0.556944 0.248828 0.556250 0.243750 0.550694 0.230078 0.551389 0.219531 0.546528 0.212500 0.535417 0.203906 0.531250 0.200781 0.525694 0.195312 0.525000 0.195312 0.536111 0.197266 0.545833 0.200391 0.541667 0.208203 0.540972 0.211719 0.551389 0.221094 0.559028 0.225000 0.559722 0.227734 0.564583 0.239063 0.562500 0.248828 0.563889 0.253516 0.572917 0.257031 0.591667 0.258203 0.593056 0.258203 0.577083 0.251172 0.563889 0.268359 0.562500 0.269922 0.560417 0.268750 0.558333 0.270313 0.555556 0.272266 0.557639 0.281641 0.557639 0.284375 0.549306 0.290234 0.545139 0.294922 0.545139 0.296484 0.547917 0.305078 0.547222 0.305078 0.544444 0.299609 0.544444 0.296094 0.539583 0.304297 0.535417 0.309766 0.528472 0.319141 0.527778 0.324609 0.525000 0.326953 0.521528 0.332031 0.529861 0.337891 0.529861 0.343750 0.525000 0.345313 0.531250 0.351172 0.522222 0.359766 0.521528 0.361328 0.523611 0.366406 0.523611 0.368359 0.527778 0.376563 0.532639 0.376953 0.536111
0 0.425000 0.509028 0.431250 0.521528 0.440234 0.522222 0.440625 0.525000 0.452734 0.525000 0.462109 0.539583 0.469141 0.539583 0.471094 0.536111 0.477344 0.533333 0.483984 0.540972 0.486719 0.530556 0.485156 0.524306 0.475391 0.525000 0.469922 0.529167 0.469531 0.520833 0.466797 0.513194 0.460547 0.518056 0.456641 0.518056 0.452344 0.515278 0.435156 0.514583 0.427734 0.509028
0 0.675391 0.515972 0.673047 0.511111 0.664062 0.511111 0.658203 0.518056 0.643750 0.515278 0.643750 0.511111 0.638672 0.509722 0.635156 0.515278 0.628516 0.516667 0.625781 0.509028 0.607812 0.507639 0.605078 0.511111 0.601562 0.510417 0.598047 0.517361 0.596094 0.518056 0.577734 0.513889 0.570703 0.525000 0.562109 0.529167 0.560156 0.527083 0.545312 0.527083 0.537109 0.537500 0.531250 0.540278 0.518750 0.533333 0.505859 0.518750 0.500000 0.518056 0.494922 0.514583 0.483203 0.514583 0.479297 0.512500 0.477344 0.514583 0.477734 0.518750 0.479687 0.521528 0.487891 0.525000 0.488672 0.523611 0.489453 0.534028 0.493750 0.546528 0.498437 0.543750 0.501953 0.547222 0.508203 0.547917 0.510156 0.551389 0.518359 0.552778 0.523828 0.561111 0.524609 0.555556 0.528125 0.550694 0.535156 0.548611 0.541016 0.540972 0.547656 0.540972 0.552734 0.543750 0.557031 0.540278 0.562500 0.540278 0.564453 0.537500 0.568359 0.537500 0.570703 0.534722 0.573438 0.535417 0.577344 0.532639 0.581641 0.525694 0.597266 0.527778 0.600000 0.519444 0.604297 0.522222 0.605859 0.519444 0.611328 0.521528 0.614844 0.518750 0.620313 0.518750 0.627344 0.525694 0.631250 0.526389 0.636719 0.522917 0.642578 0.522222 0.658594 0.525000 0.664453 0.517361 0.672266 0.515972 0.675000 0.518056
0 0.993359 0.490278 0.988672 0.492361 0.981641 0.506944 0.987891 0.504167 0.990234 0.497917 0.992578 0.497222
0 0.900000 0.484028 0.903906 0.484722 0.906250 0.481944 0.908984 0.481944 0.911719 0.485417 0.920312 0.484722 0.925781 0.486806 0.925391 0.484028 0.921484 0.483333 0.919141 0.479861 0.911328 0.479861 0.908984 0.475000 0.905469 0.475000 0.904297 0.479167 0.901172 0.480556
0 0.995703 0.475694 0.993359 0.472222 0.989062 0.478472 0.984766 0.477778 0.975781 0.489583 0.983594 0.488889 0.982422 0.488194 0.984375 0.484722 0.988672 0.483333 0.992969 0.477083 0.995313 0.478472
0 0.927734 0.463194 0.923828 0.461806 0.923047 0.467361 0.918750 0.473611 0.918750 0.478472 0.923438 0.473611
0 0.903516 0.461806 0.919531 0.463889 0.920703 0.460417 0.904687 0.458333
0 0.911719 0.456250 0.912891 0.457639 0.927734 0.454167 0.929297 0.458333 0.931641 0.453472 0.927344 0.450000 0.918359 0.450000
0 0.908594 0.450000 0.907031 0.447222 0.903516 0.447222 0.900391 0.452083 0.892969 0.454861 0.888281 0.451389 0.885938 0.445139 0.878906 0.440278 0.873828 0.438889 0.865234 0.440972 0.860547 0.436111 0.855469 0.434028 0.845703 0.423611 0.845313 0.420833 0.840625 0.418750 0.834766 0.411111 0.831250 0.410417 0.828516 0.413194 0.819922 0.411111 0.813281 0.412500 0.807422 0.427083 0.795703 0.438194 0.791406 0.438194 0.783203 0.432639 0.778125 0.432639 0.772266 0.440278 0.771094 0.447222 0.766797 0.445833 0.762109 0.440972 0.756250 0.443750 0.745703 0.462500 0.730469 0.452778 0.727734 0.445833 0.715625 0.450000 0.708203 0.449306 0.701562 0.453472 0.694141 0.453472 0.691797 0.455556 0.687891 0.464583 0.682813 0.465278 0.676953 0.475000 0.675000 0.472917 0.673438 0.482639 0.671094 0.484722 0.671875 0.490278 0.669922 0.494444 0.666406 0.495139 0.662891 0.489583 0.662500 0.486806 0.664453 0.481944 0.652344 0.484722 0.651953 0.490278 0.662500 0.508333 0.669531 0.510417 0.671094 0.504861 0.669531 0.502083 0.680078 0.488194 0.683203 0.488194 0.691797 0.475694 0.692969 0.477778 0.699219 0.478472 0.705469 0.469444 0.706250 0.465278 0.708594 0.466667 0.725391 0.490972 0.725391 0.485417 0.721484 0.477778 0.721484 0.471528 0.723437 0.466667 0.729688 0.467361 0.736719 0.479861 0.743750 0.481944 0.744531 0.484722 0.759766 0.461806 0.766016 0.459028 0.773828 0.460417 0.778516 0.456944 0.785937 0.459028 0.787500 0.454167 0.794922 0.450000 0.797656 0.454861 0.801562 0.456944 0.805078 0.440278 0.809766 0.433333 0.816016 0.428472 0.828125 0.424306 0.833203 0.425000 0.835156 0.427778 0.844531 0.427778 0.846484 0.431944 0.847656 0.440278 0.856250 0.455556 0.859375 0.454861 0.864844 0.458333 0.869922 0.457639 0.875781 0.448611 0.877344 0.448611 0.882031 0.457639 0.887500 0.459722 0.899609 0.472917 0.899609 0.463889 0.895703 0.457639 0.901172 0.455556 0.903125 0.452083 0.905859 0.453472
