0 0.344531 0.965972 0.341406 0.952778 0.329688 0.927778 0.320312 0.925694 0.305078 0.940278 0.295312 0.943056 0.287891 0.948611 0.282422 0.959028 0.281250 0.971528 0.277734 0.984028 0.270703 0.987500 0.268750 0.993056 0.272656 0.997222 0.283594 0.998611 0.287891 0.987500 0.290625 0.984028 0.295703 0.983333 0.301953 0.986111 0.304297 0.975694 0.311719 0.968750 0.314844 0.961111 0.326953 0.962500 0.333984 0.965972
0 0.271875 0.861111 0.267188 0.856944 0.252734 0.854861 0.250000 0.859722 0.248828 0.870833 0.242969 0.875000 0.239844 0.892361 0.244141 0.892361 0.242969 0.895139 0.246094 0.893056 0.244922 0.892361 0.250781 0.886111 0.255078 0.885417 0.260937 0.875000 0.266797 0.870139 0.270703 0.870833 0.271875 0.868056
0 0.611719 0.780556 0.611719 0.793750 0.614844 0.804861 0.620313 0.806944 0.639453 0.807639 0.646484 0.800000 0.650781 0.800000 0.656250 0.793056 0.662891 0.796528 0.668359 0.796528 0.671484 0.790278 0.673438 0.790278 0.680859 0.797222 0.683984 0.797222 0.684766 0.795139 0.683594 0.784028 0.680078 0.772917 0.674609 0.773611 0.664062 0.780556 0.653125 0.781944 0.638281 0.775000 0.633203 0.766667 0.623828 0.761111 0.617188 0.761111
0 0.695703 0.706944 0.701953 0.709028 0.708594 0.715278 0.711328 0.715278 0.717187 0.704861 0.724609 0.698611 0.744531 0.707639 0.758203 0.710417 0.761328 0.716667 0.769531 0.720833 0.777344 0.722222 0.780859 0.718750 0.778906 0.712500 0.776172 0.709028 0.759375 0.701389 0.742578 0.699306 0.737500 0.696528 0.730078 0.687500 0.711719 0.681944 0.707812 0.694444 0.698828 0.694444 0.698047 0.704861 0.699609 0.707639
0 0.278906 0.888889 0.285156 0.895833 0.292187 0.897222 0.303516 0.890278 0.306250 0.882639 0.313281 0.877778 0.314844 0.881250 0.314844 0.899306 0.316016 0.899306 0.317578 0.886806 0.325391 0.878472 0.330859 0.869444 0.344141 0.867361 0.346484 0.862500 0.353125 0.857639 0.361328 0.843750 0.360547 0.841667 0.344922 0.841667 0.334375 0.848611 0.336328 0.834028 0.346484 0.803472 0.355469 0.786111 0.365234 0.776389 0.374219 0.756944 0.378516 0.754167 0.390234 0.754167 0.407813 0.738889 0.410547 0.729167 0.410156 0.711111 0.414453 0.693750 0.414062 0.691667 0.406641 0.690972 0.408203 0.679167 0.412891 0.676389 0.432812 0.679167 0.440234 0.673611 0.444531 0.667361 0.455078 0.664583 0.468750 0.668750 0.469141 0.674306 0.467578 0.681944 0.470703 0.695139 0.472266 0.697222 0.481641 0.695833 0.479297 0.672917 0.486719 0.674306 0.502734 0.671528 0.502344 0.688194 0.505469 0.694444 0.509766 0.694444 0.514844 0.690972 0.525781 0.678472 0.531641 0.678472 0.538281 0.683333 0.539062 0.699306 0.532813 0.717361 0.525391 0.727083 0.524609 0.734722 0.528906 0.734722 0.538672 0.726389 0.545312 0.711806 0.559766 0.705556 0.575391 0.709028 0.594141 0.709028 0.599219 0.704861 0.612109 0.702778 0.624609 0.695833 0.633594 0.695833 0.635156 0.697222 0.631250 0.704167 0.630859 0.716667 0.635156 0.725000 0.635547 0.730556 0.641797 0.732639 0.656641 0.732639 0.663672 0.728472 0.671484 0.730556 0.672266 0.757639 0.682031 0.757639 0.687109 0.755556 0.689844 0.750694 0.691797 0.752778 0.696484 0.752083 0.697266 0.745139 0.701172 0.740972 0.708203 0.740972 0.712500 0.745833 0.721094 0.746528 0.720703 0.777778 0.718359 0.788889 0.720703 0.795139 0.726953 0.793056 0.730078 0.787500 0.732812 0.776389 0.735156 0.772222 0.737109 0.772222 0.742188 0.784722 0.759766 0.784722 0.764062 0.789583 0.771484 0.806944 0.776953 0.815278 0.783984 0.809722 0.785156 0.795139 0.792578 0.808333 0.795703 0.810417 0.801953 0.802083 0.805859 0.803472 0.813672 0.822917 0.817969 0.821528 0.819141 0.813889 0.822266 0.811806 0.829297 0.825000 0.833203 0.829167 0.840234 0.832639 0.841797 0.830556 0.842187 0.840972 0.845703 0.847222 0.856641 0.857639 0.867578 0.854861 0.874219 0.847222 0.902734 0.845139 0.922656 0.880556 0.941406 0.871528 0.950000 0.853472 0.960547 0.854167 0.964063 0.856250 0.973437 0.869444 0.977734 0.881944 0.987500 0.902083 0.995313 0.910417 0.998828 0.904167 0.999609 0.856944 0.996094 0.854861 0.992578 0.837500 0.988281 0.827083 0.980078 0.829167 0.957812 0.828472 0.944922 0.831944 0.941406 0.836111 0.933594 0.838889 0.919141 0.838889 0.907422 0.834722 0.899609 0.825694 0.883594 0.820139 0.870703 0.820833 0.860156 0.817361 0.849219 0.826389 0.845313 0.826389 0.844531 0.816667 0.841016 0.809028 0.828125 0.800694 0.817578 0.789583 0.810547 0.787500 0.797266 0.778472 0.787891 0.779167 0.771094 0.776389 0.769141 0.769444 0.763281 0.772222 0.757422 0.765972 0.749609 0.763194 0.746875 0.756944 0.739453 0.756250 0.729688 0.738889 0.727344 0.742361 0.724219 0.741667 0.724609 0.728472 0.720313 0.722222 0.706641 0.721528 0.704297 0.723611 0.691797 0.724306 0.682422 0.722917 0.675000 0.717361 0.673828 0.720833 0.664062 0.718056 0.660937 0.715278 0.658984 0.709722 0.650781 0.700694 0.642969 0.698611 0.639062 0.692361 0.635938 0.681944 0.629687 0.677083 0.614844 0.677083 0.612500 0.680556 0.607812 0.681944 0.604297 0.686806 0.591406 0.691667 0.571484 0.691667 0.550000 0.688889 0.541406 0.673611 0.536719 0.668750 0.530469 0.665972 0.524219 0.665972 0.520703 0.669444 0.511328 0.669444 0.503516 0.672222 0.503906 0.669444 0.508984 0.666667 0.511328 0.659722 0.514844 0.654861 0.520312 0.653472 0.526953 0.647917 0.528125 0.645139 0.525781 0.638889 0.532031 0.638194 0.564453 0.622222 0.578906 0.621528 0.597266 0.638194 0.610938 0.660417 0.621875 0.671528 0.639844 0.671528 0.648047 0.665972 0.653125 0.665972 0.657813 0.676389 0.675000 0.690278 0.678125 0.695833 0.678125 0.688194 0.667188 0.671528 0.664844 0.663889 0.650781 0.639583 0.642578 0.635417 0.630859 0.647222 0.626563 0.647917 0.612109 0.634722 0.605078 0.618750 0.594531 0.617361 0.591016 0.609028 0.585547 0.601389 0.580078 0.599306 0.567578 0.582639 0.562109 0.581944 0.556641 0.575000 0.532813 0.572222 0.527734 0.586806 0.527344 0.598611 0.523828 0.600694 0.520703 0.595833 0.517578 0.595833 0.511328 0.600694 0.507422 0.609028 0.501953 0.609028 0.498437 0.603472 0.494141 0.603472 0.483594 0.624306 0.473828 0.634028 0.466797 0.636111 0.462109 0.631250 0.453125 0.631250 0.452344 0.638194 0.449609 0.643750 0.441016 0.640278 0.438281 0.634722 0.441016 0.606250 0.435156 0.606944 0.434375 0.602083 0.423047 0.589583 0.414844 0.594444 0.412500 0.600000 0.413281 0.616667 0.415234 0.622917 0.421484 0.622917 0.423047 0.627083 0.419531 0.638194 0.412891 0.644444 0.402344 0.659028 0.395313 0.663889 0.386719 0.663889 0.369922 0.691667 0.365234 0.697222 0.358984 0.700694 0.355469 0.706250 0.355078 0.711806 0.351953 0.715972 0.346094 0.732639 0.342578 0.752083 0.337109 0.753472 0.333984 0.760417 0.330859 0.772222 0.330469 0.781944 0.322656 0.786111 0.314844 0.799306 0.303125 0.837500 0.302734 0.844444 0.298438 0.863194 0.283203 0.886806
0 0.766406 0.567361 0.757812 0.568056 0.748437 0.577083 0.745313 0.577083 0.741016 0.572917 0.730859 0.572222 0.728125 0.585417 0.724219 0.591667 0.720313 0.594444 0.708203 0.592361 0.699609 0.602083 0.696875 0.601389 0.690625 0.587500 0.685547 0.586806 0.676172 0.599306 0.674219 0.608333 0.676562 0.613889 0.675781 0.614583 0.681641 0.615278 0.685937 0.620139 0.689844 0.629861 0.691797 0.629861 0.704297 0.620139 0.712109 0.608333 0.719922 0.604167 0.733984 0.603472 0.744141 0.592361 0.750000 0.590972 0.756250 0.578472 0.766406 0.575694
0 0.364453 0.554167 0.363281 0.561111 0.365234 0.564583 0.376953 0.572917 0.383594 0.574306 0.396094 0.582639 0.401172 0.582639 0.401172 0.579167 0.399609 0.576389 0.389062 0.573611 0.391016 0.570139 0.379297 0.561806 0.374609 0.554167
0 0.482031 0.547222 0.482422 0.553472 0.495703 0.542361 0.498437 0.552083 0.513672 0.550000 0.516797 0.556944 0.521484 0.558333 0.528516 0.554167 0.531641 0.541667 0.528516 0.532639 0.525000 0.531944 0.521094 0.526389 0.508984 0.517361 0.503906 0.517361 0.504297 0.518750 0.493359 0.518750 0.491797 0.520833
0 0.416406 0.477778 0.411328 0.471528 0.405078 0.471528 0.402344 0.475000 0.388672 0.475000 0.387109 0.484028 0.400781 0.484028 0.406250 0.479167
0 0.392188 0.498611 0.414844 0.498611 0.416797 0.493750 0.436719 0.492361 0.440234 0.490278 0.440234 0.482639 0.441406 0.480556 0.453906 0.480556 0.460547 0.487500 0.464453 0.488889 0.473828 0.487500 0.477344 0.490278 0.481641 0.497917 0.492188 0.504861 0.507812 0.504861 0.502344 0.497917 0.494141 0.494444 0.488281 0.482639 0.477734 0.478472 0.471094 0.466667 0.460547 0.459028 0.456641 0.459028 0.451953 0.450694 0.442578 0.452778 0.435547 0.461111 0.428516 0.473611 0.426563 0.473611 0.421484 0.481250 0.418750 0.481250 0.407813 0.494444 0.401953 0.494444
0 0.472656 0.383333 0.457813 0.383333 0.450391 0.387500 0.445703 0.397917 0.432031 0.410417 0.424219 0.426389 0.418750 0.429861 0.418750 0.432639 0.430469 0.431250 0.443359 0.425000 0.445703 0.419444 0.449219 0.400000 0.455859 0.395139 0.471875 0.392361
0 0.435547 0.376389 0.420703 0.376389 0.420312 0.378472 0.416406 0.380556 0.407422 0.401389 0.393750 0.427083 0.390234 0.437500 0.385937 0.433333 0.380859 0.450694 0.371094 0.465972 0.366406 0.480556 0.360547 0.492361 0.356250 0.509722 0.349219 0.520833 0.340625 0.529861 0.335156 0.540972 0.334375 0.566667 0.332422 0.584028 0.328125 0.602083 0.327344 0.614583 0.325000 0.624306 0.324609 0.647222 0.301953 0.669444 0.273828 0.677778 0.260156 0.692361 0.257031 0.693750 0.256641 0.695833 0.252734 0.697222 0.250000 0.705556 0.250000 0.715972 0.253906 0.715972 0.272266 0.702778 0.290234 0.681944 0.301563 0.680556 0.303516 0.682639 0.314063 0.682639 0.323047 0.677778 0.328516 0.671528 0.334375 0.654861 0.337500 0.654861 0.349609 0.647222 0.357812 0.638889 0.357031 0.633333 0.345703 0.613194 0.345703 0.608333 0.349609 0.597222 0.349609 0.561111 0.351172 0.555556 0.353906 0.550694 0.355078 0.543056 0.357812 0.537500 0.367969 0.529167 0.375000 0.515972 0.377734 0.503472 0.380469 0.479167 0.390234 0.452083 0.394922 0.445139 0.402344 0.443750 0.407422 0.429861 0.410156 0.426389 0.414062 0.413194 0.416406 0.399306 0.421484 0.390278 0.432031 0.384028
0 0.513672 0.358333 0.507422 0.354167 0.499219 0.363889 0.478125 0.363889 0.476953 0.365972 0.476953 0.371528 0.481250 0.375694 0.494531 0.377778 0.505469 0.386111 0.510156 0.386806 0.510156 0.365972
0 0.465625 0.200694 0.466797 0.204167 0.471484 0.208333 0.483984 0.214583 0.496875 0.214583 0.498828 0.211111 0.504297 0.211111 0.509375 0.214583 0.523438 0.214583 0.524609 0.222917 0.521875 0.237500 0.518750 0.243056 0.517969 0.248611 0.521484 0.248611 0.525391 0.245139 0.533203 0.232639 0.546875 0.232639 0.553906 0.229167 0.553906 0.226389 0.546875 0.225000 0.536328 0.213194 0.528516 0.211806 0.524219 0.205556 0.509766 0.204167 0.501172 0.206944 0.480469 0.205556 0.474219 0.200694
0 0.502344 0.172917 0.496484 0.165278 0.487891 0.165278 0.478125 0.174306 0.477734 0.172917 0.475391 0.181250 0.475391 0.190972 0.478125 0.197222 0.497656 0.197222 0.501563 0.182639
0 0.478906 0.121528 0.475000 0.116667 0.465234 0.115278 0.462891 0.117361 0.457422 0.129167 0.457422 0.143750 0.460938 0.150000 0.462500 0.150000 0.464453 0.143750 0.466016 0.146528 0.466016 0.136111 0.469141 0.131944 0.471875 0.130556 0.476172 0.134028 0.479687 0.134028 0.480469 0.127083
0 0.437891 0.086111 0.415234 0.094444 0.412891 0.103472 0.412891 0.111806 0.421875 0.138194 0.421875 0.172222 0.419141 0.184028 0.409375 0.189583 0.403906 0.197222 0.403906 0.204167 0.407031 0.213889 0.414844 0.221528 0.416406 0.285417 0.425781 0.286111 0.410938 0.358333 0.412500 0.358333 0.415234 0.365972 0.432422 0.365972 0.438281 0.374306 0.441797 0.385417 0.444141 0.385417 0.447656 0.366667 0.457031 0.353472 0.460547 0.334028 0.460547 0.325694 0.455859 0.311111 0.455859 0.299306 0.459766 0.287500 0.459766 0.277778 0.455078 0.275000 0.451562 0.270139 0.449609 0.263194 0.449609 0.242361 0.455078 0.208333 0.458203 0.201389 0.468750 0.195139 0.469531 0.161806 0.463672 0.159028 0.448437 0.157639 0.442578 0.149306 0.435937 0.134028 0.435937 0.120833 0.446875 0.093750 0.446094 0.086111
0 0.311328 0.060417 0.295703 0.063194 0.291406 0.077083 0.285156 0.083333 0.282813 0.083333 0.281641 0.079861 0.276953 0.079861 0.267188 0.093056 0.247656 0.093056 0.236328 0.104167 0.232813 0.104167 0.229687 0.092361 0.220703 0.078472 0.208984 0.076389 0.206641 0.077778 0.205859 0.084722 0.206641 0.089583 0.211719 0.098611 0.211719 0.104167 0.212500 0.102083 0.213672 0.108333 0.217578 0.116667 0.223828 0.122917 0.234766 0.121528 0.241016 0.114583 0.247266 0.101389 0.252344 0.102778 0.256250 0.109722 0.278125 0.109722 0.285547 0.095139 0.292578 0.087500 0.298047 0.077778 0.307812 0.076389 0.311328 0.067361
0 0.485938 0.047917 0.478516 0.049306 0.475781 0.052778 0.465234 0.056944 0.455469 0.074306 0.453125 0.081944 0.455469 0.079861 0.455469 0.106944 0.457031 0.111111 0.460156 0.111111 0.462500 0.108333 0.462500 0.104167 0.464453 0.098611 0.470703 0.097222 0.471875 0.085417 0.478906 0.074306 0.485156 0.055556
0 0.453906 0.029167 0.452344 0.026389 0.440625 0.023611 0.437109 0.020139 0.386719 0.018750 0.378516 0.028472 0.360938 0.026389 0.359375 0.028472 0.352344 0.028472 0.346875 0.033333 0.331641 0.033333 0.326562 0.054861 0.321875 0.065278 0.328906 0.065972 0.344531 0.040278 0.347266 0.040278 0.353906 0.032639 0.369531 0.035417 0.372266 0.037500 0.374219 0.043750 0.386719 0.043750 0.390234 0.040972 0.392578 0.035417 0.415625 0.037500 0.417578 0.035417 0.426172 0.034028 0.428906 0.030556 0.433203 0.030556 0.435937 0.034028 0.453125 0.037500
