0 0.624306 0.987891 0.618056 0.992969 0.620139 0.996875 0.630556 0.992188
0 0.563889 0.877734 0.561806 0.886719 0.564583 0.887891 0.565278 0.893750 0.577083 0.900391 0.584028 0.901172 0.595833 0.906641 0.604167 0.907031 0.606944 0.910156 0.612500 0.912500 0.613889 0.921094 0.611806 0.923047 0.613889 0.923828 0.613889 0.931641 0.619444 0.932422 0.621528 0.947656 0.612500 0.957031 0.612500 0.971094 0.616667 0.972656 0.621528 0.980078 0.620139 0.984375 0.631250 0.983594 0.641667 0.990625 0.642361 0.994141 0.639583 0.996484 0.639583 0.999219 0.643750 0.999609 0.644444 0.994141 0.651389 0.994531 0.653472 0.987109 0.643056 0.980859 0.635417 0.978125 0.631250 0.972656 0.619444 0.967187 0.618750 0.953906 0.624306 0.950391 0.625000 0.946484 0.628472 0.943750 0.627778 0.932813 0.630556 0.930859 0.622917 0.928125 0.622222 0.921094 0.624306 0.916406 0.615972 0.902734 0.609028 0.900781 0.591667 0.901563 0.588889 0.900000 0.589583 0.894141 0.579861 0.892188 0.573611 0.888672 0.574306 0.884766
0 0.513889 0.812891 0.512500 0.819141 0.517361 0.822656 0.516667 0.842187 0.521528 0.846875 0.557639 0.845313 0.557639 0.844141 0.538194 0.845703 0.529861 0.842969 0.529167 0.838281 0.520139 0.830469 0.520833 0.825000 0.518056 0.821094 0.516667 0.813281
0 0.517361 0.668750 0.511806 0.674219 0.512500 0.677734 0.507639 0.688281 0.509028 0.692578 0.512500 0.695312 0.511111 0.719531 0.516667 0.723828 0.516667 0.730078 0.513194 0.732422 0.521528 0.735938 0.531944 0.736328 0.538889 0.744141 0.540278 0.750000 0.538194 0.751953 0.539583 0.755469 0.534722 0.761328 0.520833 0.770312 0.517361 0.776953 0.519444 0.783984 0.531250 0.795312 0.531944 0.800391 0.529167 0.801562 0.515278 0.800781 0.515278 0.801953 0.522917 0.802734 0.523611 0.807813 0.534722 0.814844 0.545139 0.815625 0.548611 0.817969 0.551389 0.823828 0.551389 0.830078 0.557639 0.842578 0.562500 0.846094 0.561111 0.850781 0.565278 0.858203 0.564583 0.861328 0.559028 0.863281 0.558333 0.867578 0.560417 0.869531 0.565278 0.869922 0.565278 0.874219 0.572222 0.874609 0.570833 0.871094 0.573611 0.870703 0.573611 0.867578 0.567361 0.864844 0.566667 0.862891 0.578472 0.853125 0.569444 0.849219 0.571528 0.845703 0.568750 0.843750 0.566667 0.836328 0.557639 0.827344 0.555556 0.821875 0.556944 0.816406 0.548611 0.815625 0.547222 0.812500 0.540278 0.813281 0.537500 0.810937 0.538194 0.806641 0.531250 0.805078 0.531250 0.802344 0.536806 0.800781 0.536806 0.798047 0.543750 0.797656 0.543750 0.795703 0.538194 0.788672 0.538194 0.784766 0.529167 0.778906 0.528472 0.775000 0.534028 0.768750 0.540972 0.769141 0.543056 0.767969 0.545833 0.757031 0.550000 0.756641 0.547917 0.754687 0.548611 0.748047 0.546528 0.746484 0.549306 0.735938 0.541667 0.732812 0.530556 0.730469 0.534028 0.733984 0.523611 0.732812 0.522222 0.730469 0.525694 0.730078 0.526389 0.728516 0.519444 0.726953 0.522222 0.719141 0.526389 0.717969 0.531250 0.718750 0.531944 0.716016 0.523611 0.712500 0.523611 0.708984 0.517361 0.707422 0.517361 0.703125 0.522222 0.700781 0.524306 0.697656 0.531250 0.696094 0.531944 0.693359 0.522222 0.690234 0.519444 0.684766 0.513889 0.682422 0.513889 0.680078 0.517361 0.679297 0.518056 0.675391 0.520833 0.674219 0.519444 0.669141
0 0.482639 0.616016 0.479861 0.618750 0.475000 0.620313 0.475000 0.623047 0.484028 0.624609 0.484028 0.629297 0.477083 0.631641 0.476389 0.635547 0.479861 0.633984 0.482639 0.634375 0.479167 0.637500 0.478472 0.645703 0.484028 0.645312 0.484722 0.649219 0.490278 0.653125 0.490972 0.656641 0.494444 0.656641 0.498611 0.660156 0.502083 0.660156 0.503472 0.650000 0.495139 0.648438 0.493750 0.644922 0.486806 0.639453 0.487500 0.630078 0.490278 0.628516 0.495833 0.628516 0.496528 0.627344 0.488889 0.627344 0.488889 0.619922 0.485417 0.616016
0 0.500694 0.571875 0.501389 0.574609 0.490972 0.578125 0.493056 0.593750 0.490278 0.596094 0.493056 0.599219 0.490972 0.605469 0.493056 0.605078 0.494444 0.606250 0.494444 0.610547 0.486806 0.609375 0.486806 0.610938 0.492361 0.613281 0.492361 0.614844 0.497222 0.617969 0.505556 0.620313 0.509722 0.619141 0.510417 0.617578 0.500694 0.613672 0.499306 0.609766 0.504167 0.601953 0.504167 0.593750 0.497917 0.588672 0.497917 0.580469 0.502083 0.576953
0 0.491667 0.569141 0.489583 0.568359 0.484722 0.569531 0.482639 0.573438 0.486111 0.573828 0.490278 0.572266
0 0.468056 0.499219 0.463194 0.498828 0.454167 0.503516 0.448611 0.504297 0.455556 0.504297 0.468056 0.500391
0 0.556944 0.137109 0.554167 0.138672 0.557639 0.145313 0.555556 0.148828 0.557639 0.153906 0.554167 0.155859 0.547917 0.155078 0.544444 0.160156 0.545139 0.167969 0.554167 0.167578 0.555556 0.160547 0.568750 0.150781 0.568750 0.148438 0.564583 0.146484 0.563194 0.142969 0.559722 0.141016 0.560417 0.138281
0 0.447222 0.085938 0.451389 0.089063 0.451389 0.117578 0.465278 0.122266 0.471528 0.130078 0.480556 0.134766 0.484722 0.145313 0.496528 0.149609 0.496528 0.154297 0.500694 0.155078 0.518750 0.164453 0.518750 0.168359 0.521528 0.169922 0.522917 0.175391 0.516667 0.185547 0.509722 0.191406 0.504861 0.198437 0.497917 0.202734 0.490278 0.212500 0.490972 0.239453 0.486806 0.244922 0.484722 0.244531 0.488194 0.247656 0.484722 0.252734 0.484722 0.259766 0.479861 0.267188 0.480556 0.281641 0.461806 0.304297 0.452083 0.308203 0.437500 0.317969 0.439583 0.320312 0.450000 0.324219 0.450000 0.334766 0.446528 0.343359 0.450000 0.346875 0.451389 0.363672 0.443056 0.366016 0.436111 0.377344 0.430556 0.382422 0.414583 0.391406 0.413194 0.398047 0.422222 0.408984 0.413889 0.414062 0.405556 0.416016 0.386806 0.430469 0.395139 0.435156 0.407639 0.439063 0.402778 0.446875 0.405556 0.450000 0.405556 0.453516 0.410417 0.457031 0.409028 0.471875 0.412500 0.476172 0.409028 0.478906 0.410417 0.483984 0.404167 0.489063 0.403472 0.497656 0.405556 0.499219 0.405556 0.503906 0.409722 0.512891 0.414583 0.513281 0.418056 0.515234 0.424306 0.515234 0.425000 0.514062 0.444444 0.509375 0.438889 0.506641 0.436111 0.510547 0.428472 0.509766 0.427778 0.512500 0.415972 0.512500 0.411111 0.510547 0.409722 0.504687 0.412500 0.503125 0.407639 0.500391 0.409722 0.496875 0.405556 0.495312 0.404861 0.492969 0.407639 0.488672 0.417361 0.483594 0.417361 0.482422 0.410417 0.480078 0.413194 0.478906 0.415278 0.473828 0.411806 0.471484 0.412500 0.466406 0.423611 0.466406 0.434722 0.470313 0.438889 0.474609 0.455556 0.482031 0.460417 0.487500 0.468056 0.491406 0.472222 0.495703 0.472917 0.500000 0.481250 0.501953 0.484722 0.498828 0.484722 0.495703 0.490278 0.498437 0.490972 0.501172 0.488194 0.506250 0.493750 0.512109 0.501389 0.515625 0.502083 0.521484 0.509028 0.530469 0.509028 0.532813 0.505556 0.533594 0.495139 0.531641 0.495833 0.537109 0.504861 0.542188 0.505556 0.559375 0.500694 0.563672 0.500694 0.567187 0.506944 0.571094 0.505556 0.566797 0.506944 0.564063 0.510417 0.563281 0.508333 0.557031 0.516667 0.553906 0.512500 0.545703 0.515278 0.545312 0.513194 0.541016 0.519444 0.540625 0.519444 0.534766 0.515278 0.531641 0.515278 0.529687 0.520833 0.526172 0.520833 0.519141 0.517361 0.515625 0.497222 0.505078 0.497917 0.491406 0.492361 0.489453 0.488194 0.489453 0.483333 0.494531 0.479861 0.487500 0.467361 0.482422 0.463194 0.482422 0.461806 0.477734 0.453472 0.477734 0.443750 0.473828 0.436111 0.466016 0.442361 0.466016 0.444444 0.464453 0.438194 0.464453 0.431250 0.457813 0.427083 0.459375 0.422222 0.458203 0.423611 0.453906 0.418056 0.450391 0.418056 0.444141 0.423611 0.442188 0.423611 0.437891 0.408333 0.431250 0.407639 0.427344 0.417361 0.419141 0.429861 0.414453 0.436111 0.414062 0.438889 0.411719 0.438889 0.409375 0.434722 0.405859 0.435417 0.401172 0.429167 0.397266 0.429167 0.390625 0.443750 0.383594 0.448611 0.385547 0.455556 0.380078 0.465972 0.377344 0.467361 0.373047 0.459722 0.368750 0.461111 0.364063 0.469444 0.364063 0.475000 0.366406 0.474306 0.362109 0.463889 0.355078 0.465278 0.351953 0.461806 0.347656 0.463194 0.332422 0.466667 0.325391 0.479167 0.318359 0.481944 0.314063 0.481250 0.306641 0.487500 0.306641 0.488194 0.305078 0.485417 0.301563 0.485417 0.293750 0.490972 0.286719 0.495833 0.275391 0.495833 0.264453 0.503472 0.259375 0.503472 0.252734 0.495833 0.249219 0.495139 0.242188 0.503472 0.236719 0.501389 0.231641 0.506250 0.228516 0.511806 0.221484 0.509028 0.213281 0.513194 0.211719 0.515972 0.203906 0.525694 0.197266 0.525000 0.182031 0.528472 0.178516 0.539583 0.177344 0.543750 0.167578 0.533333 0.167578 0.525694 0.163281 0.523611 0.160938 0.525694 0.157812 0.525000 0.151172 0.515278 0.152734 0.512500 0.150000 0.500694 0.145313 0.496528 0.137500 0.493056 0.135156 0.493056 0.130859 0.485417 0.128906 0.477778 0.121484 0.461806 0.112109 0.460417 0.103125 0.468750 0.100391 0.465278 0.100000 0.459028 0.095703 0.456944 0.088672
0 0.616667 0.020703 0.613194 0.020703 0.613889 0.024219 0.625000 0.035547 0.627778 0.042188 0.627778 0.051172 0.625000 0.053906 0.625000 0.057813 0.603472 0.064062 0.602778 0.070312 0.607639 0.072266 0.605556 0.082031 0.602778 0.082812 0.604167 0.088281 0.588889 0.089453 0.597222 0.089844 0.599306 0.091016 0.599306 0.094531 0.596528 0.095703 0.598611 0.100781 0.596528 0.099219 0.592361 0.104688 0.588889 0.105078 0.584722 0.103516 0.579861 0.094531 0.575694 0.092969 0.567361 0.092969 0.569444 0.095312 0.577778 0.096875 0.581250 0.103125 0.588889 0.108984 0.575000 0.123828 0.566667 0.129297 0.564583 0.129297 0.567361 0.131641 0.577778 0.123828 0.584722 0.121484 0.593750 0.111719 0.598611 0.110547 0.606250 0.105859 0.601389 0.099219 0.601389 0.092969 0.604167 0.089844 0.607639 0.089063 0.606944 0.081641 0.613194 0.078906 0.613194 0.075000 0.609028 0.073047 0.609028 0.069141 0.614583 0.065625 0.622222 0.063672 0.629861 0.057422 0.627778 0.027344 0.620833 0.024609
0 0.409722 0.005469 0.418056 0.015234 0.416667 0.023047 0.427083 0.028516 0.427778 0.035937 0.432639 0.040234 0.432639 0.042188 0.436806 0.046094 0.443056 0.046484 0.447917 0.049219 0.447917 0.068359 0.445833 0.070703 0.447222 0.076563 0.462500 0.077734 0.462500 0.073828 0.454167 0.069141 0.455556 0.048047 0.451389 0.042578 0.451389 0.034766 0.447917 0.034766 0.436111 0.026562 0.433333 0.012891 0.429167 0.009766 0.428472 0.006641 0.425000 0.005469
