0 0.429167 0.930859 0.431250 0.935547 0.441667 0.944141 0.440278 0.958594 0.448611 0.969922 0.448611 0.973437 0.441667 0.980078 0.432639 0.982422 0.425694 0.993359 0.425694 0.998437 0.428472 0.999219 0.434722 0.986328 0.442361 0.982812 0.450694 0.982812 0.462500 0.987891 0.471528 0.998828 0.475000 0.999219 0.472917 0.993359 0.466667 0.985938 0.454861 0.979297 0.454861 0.973828 0.441667 0.957812 0.441667 0.954297 0.445833 0.951172 0.445139 0.941406 0.434722 0.932813
0 0.470139 0.845703 0.465972 0.848828 0.468056 0.851953 0.468056 0.856641 0.465972 0.858203 0.455556 0.861328 0.450000 0.866406 0.434028 0.869531 0.431250 0.873828 0.408333 0.888281 0.407639 0.896875 0.411806 0.914453 0.418750 0.922656 0.428472 0.928906 0.429167 0.927344 0.422222 0.919531 0.422222 0.911719 0.413194 0.905859 0.413194 0.895312 0.422222 0.887500 0.430556 0.882812 0.438194 0.880859 0.440972 0.873047 0.452778 0.867578 0.456250 0.863672 0.468750 0.859375 0.471528 0.857031
0 0.452083 0.794922 0.448611 0.796094 0.448611 0.798047 0.452778 0.799609 0.452778 0.801953 0.446528 0.804688 0.440278 0.810937 0.439583 0.817578 0.443750 0.810156 0.452083 0.805859
0 0.505556 0.716797 0.503472 0.716797 0.504861 0.724219 0.501389 0.722656 0.502778 0.729688 0.499306 0.737500 0.490278 0.742578 0.487500 0.741406 0.484028 0.748047 0.481250 0.747656 0.483333 0.753906 0.480556 0.760156 0.481250 0.769531 0.475000 0.772266 0.469444 0.778125 0.474306 0.786328 0.470139 0.796484 0.472917 0.797266 0.471528 0.802344 0.480556 0.811328 0.481250 0.808594 0.473611 0.795312 0.477083 0.794141 0.477778 0.775000 0.484028 0.771875 0.483333 0.765625 0.490278 0.752734 0.489583 0.743750 0.493750 0.742188 0.502083 0.742188 0.507639 0.723047
0 0.472222 0.711719 0.467361 0.718359 0.456944 0.723437 0.456944 0.731250 0.449306 0.736328 0.449306 0.744922 0.452083 0.744141 0.451389 0.735938 0.457639 0.732031 0.457639 0.724609 0.465972 0.722656
0 0.475694 0.698047 0.476389 0.705859 0.486806 0.711719 0.500000 0.722266 0.495139 0.715625 0.486806 0.710938 0.486111 0.706641 0.497222 0.703516 0.499306 0.701562 0.489583 0.701953 0.487500 0.704297 0.481250 0.706250 0.478472 0.705078 0.479167 0.700781
0 0.440278 0.628125 0.442361 0.632812 0.440972 0.641406 0.444444 0.643750 0.454861 0.646484 0.457639 0.655859 0.453472 0.660156 0.453472 0.664062 0.464583 0.671875 0.465278 0.681250 0.460417 0.683594 0.459722 0.687109 0.465278 0.691406 0.463194 0.686328 0.465278 0.683594 0.470139 0.682422 0.470139 0.676953 0.465278 0.668359 0.456944 0.662891 0.456944 0.659766 0.461111 0.654297 0.460417 0.648828 0.456250 0.645312 0.446528 0.642578 0.445139 0.639062 0.447917 0.637891 0.448611 0.634766 0.444444 0.629297
0 0.445833 0.515625 0.441667 0.520312 0.428472 0.523828 0.423611 0.527734 0.425000 0.535156 0.422917 0.543359 0.425000 0.551562 0.431944 0.558203 0.431944 0.567969 0.427778 0.574219 0.429861 0.575781 0.429167 0.579688 0.434028 0.583984 0.436111 0.591406 0.447917 0.596094 0.445833 0.599609 0.447917 0.608203 0.434028 0.614844 0.439583 0.623828 0.435417 0.615625 0.443056 0.610547 0.451389 0.609766 0.456250 0.605469 0.451389 0.603906 0.452778 0.593750 0.440278 0.590234 0.436806 0.583594 0.431944 0.580078 0.431944 0.575781 0.434722 0.575391 0.434722 0.571875 0.438194 0.568359 0.436806 0.557422 0.430556 0.553125 0.427778 0.548828 0.429167 0.537109 0.425694 0.532031 0.427778 0.528906 0.435417 0.524219 0.445833 0.521484
0 0.495139 0.426953 0.486111 0.432812 0.479167 0.432812 0.475000 0.435937 0.475000 0.437500 0.478472 0.438672 0.474306 0.468750 0.470139 0.472266 0.461806 0.473047 0.458333 0.475000 0.457639 0.478125 0.463889 0.489063 0.457639 0.492188 0.450694 0.493359 0.447917 0.496094 0.450000 0.502734 0.445833 0.507031 0.446528 0.514062 0.448611 0.513281 0.448611 0.509375 0.453472 0.505859 0.452778 0.494141 0.459722 0.491797 0.464583 0.493750 0.465972 0.489844 0.468750 0.488281 0.468056 0.480859 0.463194 0.475000 0.470139 0.472656 0.474306 0.468750 0.479167 0.468750 0.479167 0.455469 0.483333 0.446875 0.479167 0.444531 0.479167 0.440234 0.482639 0.438672 0.484722 0.434375 0.493750 0.431641
0 0.514583 0.369531 0.508333 0.374609 0.507639 0.382812 0.500000 0.394141 0.500694 0.403516 0.506944 0.408984 0.506944 0.412109 0.494444 0.417969 0.490278 0.423438 0.493750 0.421094 0.500000 0.423438 0.505556 0.423438 0.507639 0.421094 0.505556 0.417187 0.512500 0.412109 0.512500 0.408984 0.508333 0.405078 0.504167 0.394922 0.511111 0.383203 0.511111 0.375000
0 0.488194 0.339453 0.484028 0.342969 0.483333 0.347266 0.493056 0.350000 0.490278 0.358594 0.495139 0.362500 0.497917 0.368750 0.504861 0.376172 0.505556 0.374219 0.500694 0.369922 0.495139 0.356641 0.498611 0.350391 0.486111 0.345313 0.486111 0.343359 0.489583 0.341016
0 0.475694 0.000781 0.475694 0.003516 0.465972 0.013281 0.440278 0.024219 0.428472 0.034766 0.428472 0.041016 0.431250 0.045703 0.431250 0.062109 0.436111 0.074219 0.451389 0.084375 0.458333 0.092969 0.458333 0.098828 0.454167 0.103906 0.453472 0.109766 0.470139 0.118750 0.473611 0.122656 0.465972 0.131641 0.468750 0.153906 0.493056 0.178516 0.493056 0.182422 0.488194 0.187500 0.488194 0.191797 0.493056 0.196094 0.493056 0.200781 0.472917 0.215625 0.472917 0.241406 0.468750 0.243750 0.470833 0.280859 0.468750 0.280469 0.462500 0.267578 0.459722 0.267578 0.459028 0.269141 0.459722 0.275000 0.463194 0.280078 0.463194 0.290234 0.459722 0.293359 0.459722 0.301172 0.479861 0.316797 0.479861 0.321875 0.472917 0.328906 0.472917 0.334375 0.468750 0.340625 0.468750 0.344922 0.472222 0.344531 0.480556 0.336719 0.480556 0.329688 0.486111 0.322266 0.486111 0.316016 0.480556 0.309375 0.480556 0.307031 0.484028 0.304297 0.484028 0.289062 0.477083 0.280078 0.474306 0.273047 0.474306 0.265625 0.476389 0.263281 0.474306 0.242188 0.485417 0.242578 0.487500 0.241016 0.487500 0.234375 0.480556 0.227734 0.480556 0.219141 0.495139 0.208203 0.501389 0.197656 0.501389 0.192578 0.496528 0.175391 0.477083 0.155078 0.474306 0.147656 0.472917 0.125000 0.485417 0.126562 0.488889 0.126172 0.488889 0.123438 0.482639 0.116797 0.472917 0.112891 0.466667 0.108594 0.465972 0.092578 0.452083 0.076172 0.441667 0.067578 0.439583 0.052344 0.441667 0.050000 0.441667 0.037109 0.450000 0.026172 0.456250 0.022266 0.474306 0.018359 0.481944 0.011719 0.482639 0.004687 0.479861 0.001563
