0 0.209766 0.534722 0.213672 0.534722 0.218359 0.540972 0.217578 0.558333 0.218750 0.560417 0.239453 0.566667 0.255469 0.562500 0.260547 0.555556 0.268750 0.551389 0.270313 0.547222 0.279297 0.540972 0.285547 0.540972 0.292187 0.546528 0.296484 0.541667 0.300781 0.544444 0.311719 0.545833 0.312109 0.541667 0.319141 0.543750 0.322266 0.540278 0.329688 0.540972 0.334375 0.537500 0.364453 0.537500 0.368359 0.530556 0.361719 0.536806 0.357812 0.534722 0.354297 0.536806 0.347656 0.534722 0.341016 0.536111 0.337109 0.532639 0.331641 0.538194 0.317578 0.539583 0.315625 0.536111 0.313672 0.536111 0.311719 0.540278 0.307422 0.541667 0.304688 0.538194 0.298828 0.539583 0.293359 0.534028 0.278125 0.534028 0.275000 0.536806 0.269922 0.536806 0.265625 0.526389 0.259375 0.525694 0.258594 0.527778 0.271094 0.541667 0.269531 0.544444 0.267188 0.544444 0.263281 0.551389 0.253516 0.556250 0.251172 0.562500 0.235156 0.562500 0.219922 0.557639 0.218750 0.538194 0.227734 0.529861 0.234375 0.530556 0.235156 0.529167 0.233203 0.527083 0.226953 0.525000 0.219531 0.532639 0.212500 0.531944
0 0.511328 0.497222 0.511719 0.499306 0.525000 0.501389 0.528516 0.506250 0.536328 0.505556 0.535937 0.502778 0.528516 0.502778 0.525781 0.500000 0.520703 0.500000 0.518359 0.497222
0 0.356641 0.500000 0.359766 0.495833 0.372266 0.497917 0.382422 0.495139 0.366797 0.493750 0.363281 0.490278 0.360547 0.490278
0 0.403516 0.488194 0.395313 0.487500 0.391406 0.491667 0.387109 0.493056 0.385156 0.497222 0.393359 0.490972
0 0.046484 0.485417 0.046484 0.488194 0.050391 0.493056 0.063672 0.500000 0.070312 0.508333 0.077344 0.513889 0.082422 0.515278 0.073828 0.520833 0.066406 0.535417 0.092578 0.510417 0.100391 0.510417 0.107422 0.515972 0.117969 0.515972 0.121875 0.520139 0.127344 0.520833 0.131641 0.529167 0.137891 0.531944 0.155469 0.532639 0.160938 0.529861 0.184766 0.531944 0.186328 0.529861 0.192969 0.529861 0.198437 0.538194 0.201563 0.538194 0.203125 0.534722 0.208984 0.534722 0.201172 0.529167 0.196484 0.529861 0.193359 0.526389 0.176563 0.527083 0.167578 0.523611 0.161328 0.527083 0.146875 0.527083 0.143750 0.529861 0.139063 0.529861 0.133203 0.526389 0.130859 0.522222 0.131641 0.514583 0.127734 0.514583 0.123047 0.518056 0.119922 0.512500 0.108594 0.513194 0.102734 0.506250 0.087109 0.511111 0.080469 0.511111 0.077344 0.507639 0.072266 0.506250 0.067187 0.498611 0.057422 0.493750 0.055469 0.490972 0.051953 0.490972
0 0.545703 0.507639 0.547266 0.508333 0.551562 0.502778 0.560547 0.497917 0.585938 0.497222 0.579688 0.494444 0.561328 0.494444 0.558984 0.484722 0.555469 0.484722 0.557813 0.488194 0.558203 0.493750 0.552344 0.496528 0.546484 0.503472
0 0.624609 0.475694 0.623047 0.473611 0.621094 0.478472 0.604688 0.490278 0.596875 0.490972 0.605469 0.492361 0.608984 0.488194 0.618750 0.484028
0 0.407813 0.484028 0.407813 0.486111 0.418359 0.486806 0.423828 0.484722 0.429297 0.479167 0.441406 0.477083 0.447266 0.479167 0.448828 0.485417 0.452734 0.490972 0.463672 0.497222 0.467578 0.502778 0.469531 0.502083 0.474609 0.505556 0.482422 0.504861 0.485938 0.502083 0.495703 0.502778 0.499219 0.500694 0.501953 0.495139 0.499609 0.494444 0.494922 0.500000 0.477734 0.500000 0.472656 0.496528 0.465234 0.496528 0.457813 0.488889 0.454297 0.488889 0.448828 0.481944 0.448047 0.476389 0.444141 0.472917 0.441406 0.475000 0.435156 0.475000 0.424219 0.481250 0.422656 0.484028 0.416797 0.484722 0.411719 0.481250
0 0.750000 0.478472 0.744531 0.472917 0.730469 0.477083 0.726953 0.474306 0.723047 0.474306 0.718359 0.467361 0.710156 0.470833 0.703125 0.468056 0.695312 0.473611 0.690625 0.473611 0.689063 0.480556 0.683594 0.482639 0.655859 0.480556 0.654297 0.478472 0.645312 0.481944 0.641797 0.476389 0.634766 0.479167 0.633203 0.476389 0.627734 0.474306 0.626953 0.477778 0.630859 0.478472 0.632812 0.481250 0.641406 0.480556 0.644922 0.484722 0.647656 0.484722 0.649219 0.481250 0.663281 0.482639 0.674609 0.486806 0.687109 0.484028 0.691016 0.481250 0.692187 0.475694 0.702734 0.471528 0.709766 0.475694 0.712891 0.470833 0.717187 0.470833 0.728125 0.480556 0.737891 0.477083
0 0.000781 0.406250 0.003516 0.408333 0.009766 0.406250 0.012109 0.400694 0.014844 0.398611 0.019922 0.400694 0.024609 0.405556 0.029687 0.404167 0.014844 0.397222 0.007812 0.404861
0 0.999219 0.475000 0.989844 0.475694 0.984766 0.467361 0.983203 0.461806 0.982031 0.430556 0.985547 0.415972 0.984766 0.403472 0.977734 0.402083 0.975391 0.398611 0.968750 0.399306 0.963672 0.402778 0.958203 0.402083 0.956641 0.400000 0.948828 0.402083 0.941797 0.396528 0.932813 0.395833 0.930078 0.398611 0.926172 0.398611 0.919922 0.404861 0.906641 0.402083 0.898047 0.407639 0.874609 0.408333 0.873047 0.411806 0.894531 0.411111 0.898438 0.406944 0.921484 0.406250 0.929297 0.401389 0.930469 0.398611 0.943750 0.401389 0.946875 0.404861 0.956250 0.403472 0.964453 0.405556 0.968750 0.402083 0.983203 0.405556 0.982812 0.419444 0.979688 0.429167 0.981250 0.467361 0.979688 0.472917 0.969922 0.471528 0.964453 0.467361 0.958203 0.467361 0.952734 0.477778 0.944141 0.487500 0.930859 0.490278 0.924609 0.502778 0.921094 0.505556 0.914453 0.504861 0.908984 0.500000 0.899609 0.499306 0.891016 0.509028 0.878125 0.510417 0.875391 0.506944 0.872266 0.511806 0.860938 0.512500 0.853125 0.505556 0.828906 0.493056 0.817969 0.481944 0.806641 0.477778 0.778125 0.476389 0.777344 0.481944 0.770312 0.481944 0.760156 0.476389 0.758594 0.487500 0.779297 0.485417 0.784375 0.478472 0.804297 0.480556 0.818359 0.484722 0.825391 0.494444 0.848828 0.506250 0.853125 0.511111 0.860156 0.514583 0.863281 0.519444 0.873437 0.520139 0.876563 0.515278 0.893750 0.516667 0.901172 0.506944 0.906250 0.506944 0.910156 0.512500 0.917578 0.513889 0.920312 0.518056 0.932422 0.495833 0.946875 0.489583 0.952344 0.482639 0.964063 0.474306 0.971875 0.472917 0.980078 0.475694 0.982031 0.471528 0.983984 0.471528 0.989844 0.479167 0.998437 0.478472
