0 0.617578 0.556250 0.620313 0.563889 0.623828 0.568750 0.624219 0.577778 0.626953 0.579861 0.629687 0.586111 0.633203 0.608333 0.634766 0.610417 0.636328 0.571528 0.635156 0.570139 0.633203 0.576389 0.630859 0.577778 0.630078 0.569444 0.627344 0.563194
0 0.200000 0.556250 0.194531 0.554167 0.166797 0.556944 0.164453 0.561111 0.166016 0.563194 0.182422 0.561111 0.185156 0.566667 0.196094 0.568056 0.199609 0.561806
0 0.596875 0.552778 0.596484 0.563194 0.594922 0.565972 0.595313 0.579861 0.596484 0.578472 0.600000 0.581944 0.601172 0.578472 0.599609 0.572917 0.600000 0.554167
0 0.999609 0.543056 0.989844 0.540278 0.975000 0.558333 0.954297 0.559028 0.947266 0.563889 0.944531 0.569444 0.945703 0.573611 0.949219 0.577778 0.948828 0.575694 0.957031 0.576389 0.963281 0.579861 0.964844 0.583333 0.968750 0.583333 0.975000 0.561111 0.978516 0.563194 0.985938 0.563194 0.989844 0.570139 0.995313 0.566667 0.999609 0.554167
0 0.593359 0.543750 0.592969 0.553472 0.594531 0.552778 0.595313 0.547917 0.598047 0.543056 0.600000 0.543056 0.601953 0.546528 0.607422 0.545833 0.610156 0.543056 0.613672 0.543750 0.619141 0.549306 0.627734 0.553472 0.630078 0.559028 0.633203 0.555556 0.635547 0.563889 0.639453 0.567361 0.639453 0.552083 0.635156 0.543750 0.624609 0.543056 0.614844 0.537500 0.598047 0.537500
0 0.571484 0.536806 0.569922 0.545833 0.573438 0.545833 0.576562 0.551389 0.579688 0.553472 0.578125 0.558333 0.581641 0.556944 0.583203 0.573611 0.585938 0.568056 0.583984 0.553472 0.586719 0.553472 0.588281 0.550694 0.588281 0.545139 0.584375 0.539583 0.578125 0.540972 0.576953 0.536806
0 0.334766 0.539583 0.334766 0.545139 0.336719 0.552778 0.342578 0.545833 0.344922 0.553472 0.347266 0.552083 0.348438 0.556944 0.350781 0.559722 0.358594 0.554167 0.362500 0.566667 0.365234 0.562500 0.367578 0.570139 0.370312 0.569444 0.371875 0.565278 0.374219 0.565278 0.374609 0.561111 0.377344 0.561111 0.378516 0.564583 0.381250 0.565278 0.383203 0.568750 0.389844 0.563889 0.393359 0.565278 0.396484 0.561111 0.400391 0.561111 0.403125 0.566667 0.407422 0.561111 0.411719 0.561806 0.416016 0.554167 0.420703 0.557639 0.427344 0.554167 0.423828 0.540278 0.418359 0.543056 0.414062 0.553472 0.410156 0.554861 0.394141 0.538889 0.384766 0.538194 0.370312 0.552083 0.358203 0.550694 0.357422 0.543056 0.353906 0.539583 0.344531 0.539583 0.339453 0.536806
0 0.288281 0.532639 0.287891 0.538889 0.291406 0.542361 0.295703 0.536806 0.299219 0.536806 0.302734 0.547222 0.305859 0.545139 0.307031 0.546528 0.307812 0.553472 0.312109 0.551389 0.313672 0.556250 0.324219 0.556250 0.326172 0.554167 0.326172 0.548611 0.323437 0.537500 0.316797 0.536111 0.313672 0.528472 0.310547 0.526389 0.293750 0.527083
0 0.170313 0.522917 0.167187 0.522917 0.162109 0.529167 0.162500 0.543056 0.164062 0.550000 0.169922 0.549306 0.171875 0.545139 0.171875 0.541667 0.175781 0.536111 0.175391 0.532639
0 0.217969 0.545833 0.217969 0.548611 0.222656 0.556944 0.230469 0.556250 0.234375 0.559722 0.239063 0.559722 0.242188 0.567361 0.248828 0.562500 0.252734 0.566667 0.253906 0.563194 0.253125 0.550694 0.256641 0.550694 0.258203 0.555556 0.258984 0.552778 0.275391 0.554861 0.276953 0.550694 0.275781 0.542361 0.276172 0.531250 0.272656 0.525694 0.268750 0.529861 0.269141 0.537500 0.266797 0.543056 0.259375 0.543750 0.256641 0.547917 0.251953 0.544444 0.247656 0.544444 0.246094 0.540278 0.246094 0.534028 0.242969 0.531250 0.238672 0.522222 0.233984 0.519444 0.230859 0.520833 0.231250 0.528472 0.233984 0.532639 0.233984 0.535417 0.232422 0.536111 0.233594 0.538194 0.233984 0.535417 0.239453 0.536806 0.251172 0.550694 0.243359 0.547917 0.240625 0.544444 0.235937 0.543750 0.230078 0.535417 0.225391 0.535417
0 0.486328 0.547917 0.494141 0.556250 0.496094 0.556250 0.505859 0.534028 0.508984 0.537500 0.512500 0.534028 0.521484 0.532639 0.530078 0.543750 0.537109 0.547917 0.530469 0.548611 0.530469 0.554861 0.525391 0.554167 0.525000 0.565278 0.530078 0.559028 0.539062 0.562500 0.539453 0.559722 0.536719 0.559028 0.536328 0.555556 0.539062 0.552083 0.539453 0.545139 0.546484 0.541667 0.552734 0.541667 0.557422 0.554167 0.562500 0.549306 0.565625 0.552778 0.566797 0.547917 0.566797 0.532639 0.558984 0.533333 0.553125 0.529861 0.541406 0.530556 0.538672 0.525694 0.528906 0.524306 0.528125 0.522222 0.520312 0.522222 0.512109 0.531944 0.508203 0.531944 0.504687 0.520833 0.500781 0.518750 0.497266 0.522222 0.499219 0.536806 0.488281 0.544444
0 0.401562 0.529167 0.407422 0.534028 0.411328 0.533333 0.416406 0.528472 0.423438 0.531944 0.428906 0.536806 0.432031 0.543750 0.435547 0.544444 0.442188 0.556944 0.446875 0.558333 0.452734 0.572917 0.454297 0.569444 0.454688 0.561806 0.458203 0.565972 0.462109 0.565278 0.465234 0.569444 0.469531 0.570139 0.473047 0.568750 0.472266 0.566667 0.483594 0.565278 0.484375 0.557639 0.486719 0.551389 0.485547 0.548611 0.480859 0.548611 0.472266 0.552778 0.469531 0.550000 0.461328 0.549306 0.452734 0.540972 0.451562 0.529861 0.448828 0.525000 0.445312 0.527083 0.444922 0.534722 0.443750 0.536806 0.440625 0.536111 0.436328 0.529167 0.431250 0.529861 0.425781 0.520139 0.426172 0.510417 0.425000 0.508333 0.408984 0.508333 0.407422 0.517361 0.403125 0.520139 0.404297 0.525000
0 0.236719 0.502778 0.232813 0.499306 0.225000 0.500000 0.218359 0.506944 0.212500 0.516667 0.218750 0.515972 0.223047 0.511111 0.225391 0.505556 0.231250 0.515278 0.235156 0.514583
0 0.552734 0.501389 0.549609 0.497222 0.548438 0.504861 0.544141 0.504861 0.540234 0.507639 0.538281 0.511806 0.538672 0.521528 0.542578 0.523611 0.544141 0.522222 0.549609 0.509028 0.551562 0.512500 0.551562 0.524306 0.554297 0.523611 0.555469 0.520833 0.555469 0.509722
0 0.653906 0.522222 0.653906 0.531944 0.656641 0.536806 0.655859 0.528472 0.657031 0.526389 0.670703 0.525000 0.674609 0.530556 0.680078 0.534028 0.682813 0.539583 0.691406 0.545833 0.694141 0.554167 0.699609 0.557639 0.701953 0.556250 0.701953 0.547222 0.708594 0.543056 0.698047 0.536806 0.706250 0.537500 0.712500 0.545833 0.718359 0.543056 0.725391 0.543056 0.727734 0.548611 0.735938 0.546528 0.739062 0.550000 0.742578 0.559722 0.751172 0.559028 0.754687 0.565278 0.759375 0.564583 0.766016 0.559028 0.767578 0.567361 0.772656 0.565972 0.778516 0.575000 0.784766 0.572917 0.790234 0.576389 0.791797 0.566667 0.794141 0.563194 0.796484 0.568750 0.800781 0.572917 0.811719 0.571528 0.816016 0.581944 0.821875 0.588889 0.825000 0.584028 0.825781 0.591667 0.827344 0.594444 0.830859 0.592361 0.833984 0.585417 0.835938 0.590972 0.839453 0.590278 0.843750 0.585417 0.847266 0.591667 0.847266 0.600000 0.850781 0.596528 0.852344 0.589583 0.856641 0.593750 0.862891 0.590278 0.864844 0.598611 0.868359 0.597222 0.869531 0.594444 0.873437 0.597222 0.876172 0.595139 0.880078 0.585417 0.891406 0.582639 0.899609 0.596528 0.903906 0.598611 0.905859 0.604167 0.908984 0.599306 0.909375 0.592361 0.913281 0.597917 0.914844 0.604167 0.917188 0.603472 0.914453 0.600000 0.918359 0.597222 0.927344 0.603472 0.930859 0.593056 0.939063 0.593056 0.937500 0.582639 0.941406 0.577778 0.940625 0.563194 0.937891 0.560417 0.933594 0.562500 0.932813 0.573611 0.927344 0.568750 0.918750 0.568056 0.911328 0.575694 0.909766 0.571528 0.901563 0.565972 0.901172 0.561111 0.903125 0.559028 0.902734 0.550694 0.897656 0.543750 0.894141 0.545139 0.886328 0.573611 0.856641 0.572917 0.843750 0.575000 0.822656 0.569444 0.819922 0.561111 0.816797 0.556944 0.803125 0.554861 0.792578 0.546528 0.785156 0.546528 0.782422 0.548611 0.778906 0.539583 0.776172 0.540278 0.773438 0.550000 0.770703 0.553472 0.759766 0.552778 0.751563 0.547222 0.750391 0.543056 0.750781 0.538194 0.756250 0.536111 0.758984 0.531250 0.759375 0.520139 0.758203 0.516667 0.755859 0.515278 0.746875 0.520833 0.737109 0.534028 0.734375 0.534028 0.731641 0.530556 0.701953 0.529167 0.696484 0.531944 0.694141 0.536806 0.688672 0.530556 0.697656 0.527083 0.698828 0.523611 0.696875 0.518056 0.693359 0.514583 0.680469 0.512500 0.684375 0.511111 0.687109 0.489583 0.685937 0.487500 0.683203 0.488889 0.678906 0.502778 0.673828 0.502778 0.669922 0.495833 0.671875 0.491667 0.675391 0.491667 0.671875 0.483333 0.661719 0.484722 0.658594 0.487500 0.658203 0.493750 0.664062 0.503472 0.664062 0.506250 0.655859 0.514583
0 0.052734 0.480556 0.069922 0.482639 0.072656 0.487500 0.075000 0.484722 0.080859 0.497917 0.083984 0.496528 0.086719 0.501389 0.091797 0.491667 0.096875 0.495833 0.098047 0.504167 0.100781 0.502778 0.106641 0.504167 0.107813 0.506944 0.114062 0.506944 0.120703 0.520139 0.126172 0.523611 0.132422 0.522917 0.137500 0.531250 0.139844 0.538889 0.139844 0.561111 0.146875 0.564583 0.148438 0.562500 0.150391 0.565278 0.151562 0.563889 0.151562 0.577083 0.155469 0.577778 0.159375 0.571528 0.159375 0.562500 0.155859 0.559028 0.151172 0.559028 0.148438 0.552083 0.148438 0.535417 0.151172 0.532639 0.149219 0.509722 0.146484 0.507639 0.141797 0.497917 0.139453 0.497917 0.139063 0.513194 0.134766 0.515972 0.133984 0.509722 0.130469 0.500000 0.131641 0.497222 0.131250 0.493750 0.126562 0.484028 0.124219 0.486806 0.125781 0.493750 0.125781 0.499306 0.124219 0.500694 0.116797 0.498611 0.114453 0.489583 0.108203 0.482639 0.101172 0.482639 0.098437 0.486111 0.089453 0.485417 0.078516 0.474306 0.056641 0.475694
0 0.068359 0.444444 0.064844 0.443750 0.060937 0.446528 0.061328 0.451389 0.064453 0.458333 0.069141 0.450694
0 0.000391 0.453472 0.000781 0.461806 0.007031 0.472222 0.012109 0.477083 0.019141 0.475694 0.024219 0.479167 0.026562 0.483333 0.028906 0.484028 0.032031 0.494444 0.035156 0.488194 0.043750 0.488194 0.046484 0.491667 0.049609 0.491667 0.050781 0.482639 0.048438 0.479167 0.045312 0.478472 0.040234 0.469444 0.030859 0.467361 0.023047 0.461111 0.023438 0.459028 0.026562 0.461806 0.032813 0.453472 0.033594 0.450000 0.032031 0.445139 0.025000 0.443056 0.019531 0.437500 0.017969 0.441667 0.018750 0.452083 0.015625 0.457639 0.012891 0.457639 0.007812 0.451389 0.005469 0.443750 0.003906 0.450000
0 0.005078 0.388889 0.003516 0.399306 0.004297 0.427778 0.001172 0.431250 0.000781 0.435417 0.003906 0.442361 0.007812 0.442361 0.008984 0.439583 0.008594 0.432639 0.011719 0.429861 0.011328 0.422222 0.007812 0.419444 0.005859 0.413889 0.006250 0.394444
