0 0.107813 0.851389 0.096094 0.852778 0.087891 0.860417 0.087109 0.866667 0.082422 0.874306 0.080859 0.880556 0.071094 0.881250 0.072266 0.882639 0.071875 0.886111 0.075391 0.890278 0.075781 0.893750 0.067187 0.901389 0.069141 0.903472 0.069141 0.913889 0.070312 0.918750 0.066406 0.922917 0.062891 0.922917 0.062109 0.918750 0.056641 0.918750 0.056641 0.927083 0.058984 0.925000 0.059766 0.930556 0.057031 0.938889 0.050781 0.947222 0.052344 0.950694 0.052734 0.956944 0.047656 0.967361 0.043359 0.970833 0.043359 0.978472 0.045703 0.983333 0.045312 0.987500 0.043359 0.990972 0.040625 0.988194 0.038672 0.990278 0.036719 0.985417 0.038672 0.991667 0.038672 0.997222 0.036328 0.999306 0.047656 0.998611 0.044922 0.996528 0.048828 0.986111 0.048828 0.984028 0.046094 0.981250 0.046094 0.977083 0.047656 0.974306 0.052734 0.972222 0.052734 0.968750 0.055078 0.964583 0.055078 0.956944 0.062109 0.943056 0.062891 0.929861 0.066016 0.925000 0.071094 0.925000 0.073828 0.920139 0.074609 0.895833 0.077734 0.890972 0.085938 0.886806 0.088672 0.881944 0.099609 0.871528 0.101172 0.864583 0.105469 0.858333
0 0.104688 0.844444 0.099609 0.847222 0.099219 0.845139 0.101562 0.842361 0.096094 0.849306 0.101953 0.845833 0.102344 0.849306
0 0.338281 0.545833 0.326172 0.534722 0.319531 0.538889 0.318359 0.541667 0.311719 0.541667 0.309766 0.545833 0.309766 0.555556 0.305078 0.559028 0.305859 0.567361 0.301953 0.570833 0.299609 0.575694 0.295703 0.574306 0.292969 0.577778 0.286328 0.579167 0.283984 0.577083 0.287109 0.573611 0.281641 0.573611 0.280078 0.569444 0.276172 0.568056 0.273828 0.564583 0.278516 0.544444 0.275000 0.550000 0.273438 0.562500 0.270703 0.566667 0.264062 0.563194 0.264844 0.559722 0.267578 0.559722 0.265625 0.556250 0.260937 0.556250 0.260937 0.561111 0.257812 0.561111 0.257031 0.563194 0.259375 0.566667 0.259375 0.570833 0.257422 0.573611 0.255859 0.572222 0.257031 0.569444 0.250781 0.565972 0.250781 0.561111 0.253906 0.556250 0.253906 0.552083 0.252344 0.549306 0.250391 0.548611 0.248828 0.550694 0.248828 0.556250 0.246875 0.563194 0.242188 0.563889 0.238281 0.561806 0.238672 0.566667 0.235156 0.570139 0.233594 0.575000 0.233594 0.580556 0.230469 0.584722 0.233984 0.590278 0.237500 0.586111 0.238672 0.588889 0.237500 0.590278 0.237891 0.592361 0.229687 0.591667 0.228516 0.595833 0.226562 0.595833 0.225000 0.613194 0.221094 0.614583 0.223438 0.621528 0.221094 0.622222 0.219922 0.625694 0.217188 0.626389 0.215625 0.629861 0.213672 0.629861 0.214844 0.642361 0.218359 0.638889 0.218359 0.646528 0.215234 0.647222 0.212891 0.640278 0.210547 0.640278 0.207031 0.645833 0.202344 0.647222 0.200781 0.642361 0.198437 0.640278 0.189062 0.659028 0.183594 0.659722 0.180859 0.664583 0.179297 0.663194 0.176172 0.668056 0.177734 0.669444 0.177734 0.678472 0.174609 0.681250 0.177344 0.686111 0.177344 0.690278 0.130469 0.790972 0.127344 0.795139 0.110156 0.834028 0.106641 0.839583 0.103125 0.841667 0.105469 0.843750 0.114062 0.843750 0.114453 0.845833 0.115625 0.842361 0.121484 0.838194 0.121875 0.835417 0.129688 0.832639 0.132031 0.829167 0.134766 0.819444 0.134766 0.806250 0.146094 0.793750 0.146875 0.781250 0.154297 0.763194 0.158984 0.758333 0.158984 0.754861 0.164062 0.740278 0.165234 0.723611 0.170703 0.718750 0.174219 0.718750 0.175781 0.715278 0.176172 0.710417 0.178516 0.705556 0.178125 0.692361 0.181250 0.684722 0.180078 0.678472 0.181250 0.671528 0.192969 0.670139 0.201172 0.656250 0.210938 0.650694 0.213281 0.653472 0.214453 0.648611 0.217969 0.648611 0.218750 0.650694 0.223047 0.640278 0.222656 0.632639 0.224609 0.629861 0.224609 0.617361 0.226172 0.615278 0.225781 0.610417 0.230078 0.598611 0.237500 0.597222 0.239063 0.599306 0.241016 0.593750 0.244922 0.595833 0.241797 0.602083 0.245312 0.595833 0.254297 0.587500 0.254688 0.595833 0.252734 0.602083 0.255469 0.604167 0.259375 0.601389 0.256641 0.597917 0.257031 0.587500 0.259375 0.583333 0.258984 0.577778 0.260937 0.574306 0.262109 0.578472 0.264062 0.577083 0.270313 0.580556 0.272656 0.577083 0.278125 0.574306 0.278125 0.579167 0.282422 0.579167 0.283594 0.582639 0.286719 0.579861 0.296094 0.580556 0.298438 0.577778 0.303906 0.579167 0.307031 0.574306 0.308984 0.562500 0.312109 0.563194 0.313672 0.555556 0.312109 0.548611 0.316406 0.546528 0.319922 0.552083 0.322266 0.537500 0.327734 0.543750 0.337500 0.545833 0.338672 0.549306
0 0.393750 0.515278 0.385937 0.512500 0.388672 0.506250 0.387109 0.502778 0.385547 0.502778 0.383594 0.509722 0.381250 0.507639 0.378125 0.512500 0.376953 0.508333 0.373828 0.507639 0.374219 0.513194 0.366797 0.521528 0.362500 0.524306 0.359375 0.519444 0.358984 0.524306 0.357031 0.522222 0.354687 0.532639 0.348438 0.534028 0.347266 0.543056 0.339844 0.541667 0.338281 0.543750 0.348438 0.547222 0.350000 0.543750 0.352344 0.543750 0.355078 0.538194 0.358984 0.538194 0.360547 0.540972 0.361328 0.534028 0.364844 0.527778 0.370703 0.527778 0.371875 0.522222 0.376172 0.527778 0.375391 0.518750 0.377344 0.515972 0.383203 0.518750 0.388281 0.516667 0.393750 0.517361
0 0.389844 0.476389 0.396875 0.474306 0.402734 0.467361 0.409375 0.464583 0.414453 0.465278 0.416016 0.468750 0.417187 0.482639 0.413281 0.494444 0.406641 0.501389 0.407031 0.509722 0.402344 0.508333 0.398047 0.515278 0.395313 0.515278 0.401562 0.518750 0.410156 0.511806 0.415234 0.513194 0.425000 0.497222 0.428906 0.495139 0.436328 0.480556 0.440625 0.484722 0.441016 0.490972 0.445312 0.491667 0.444141 0.492361 0.442969 0.506250 0.444141 0.505556 0.445312 0.498611 0.447656 0.494444 0.451172 0.494444 0.448437 0.479861 0.450000 0.477778 0.450391 0.470139 0.452344 0.465972 0.449219 0.470833 0.443750 0.470833 0.438672 0.477083 0.424609 0.480556 0.421875 0.475694 0.421094 0.468056 0.410156 0.460417 0.406641 0.455556 0.401172 0.453472 0.404297 0.463889 0.398828 0.466667 0.393750 0.474306
0 0.460547 0.497222 0.461719 0.499306 0.478125 0.506250 0.481250 0.509722 0.490234 0.512500 0.493359 0.515972 0.495703 0.515972 0.497656 0.520833 0.501172 0.522917 0.503516 0.515972 0.510547 0.515972 0.514844 0.522222 0.518359 0.522917 0.521094 0.537500 0.524609 0.535417 0.525000 0.530556 0.526172 0.532639 0.528906 0.532639 0.532422 0.529861 0.536719 0.529861 0.539844 0.534028 0.544922 0.534722 0.553125 0.542361 0.557031 0.538194 0.564453 0.538194 0.566406 0.540278 0.567969 0.538889 0.573438 0.545139 0.582422 0.547222 0.587109 0.546528 0.592187 0.539583 0.607812 0.536806 0.610156 0.542361 0.618359 0.550694 0.638672 0.551389 0.643750 0.562500 0.644141 0.568056 0.641797 0.572222 0.641797 0.577083 0.644531 0.581944 0.648047 0.583333 0.651953 0.576389 0.658984 0.577083 0.664844 0.584028 0.664844 0.588889 0.673047 0.604167 0.686719 0.604861 0.689453 0.609722 0.691797 0.609028 0.695312 0.617361 0.698828 0.610417 0.702344 0.613194 0.708984 0.602778 0.713281 0.601389 0.717969 0.618056 0.719141 0.615278 0.718750 0.600694 0.721875 0.595833 0.726172 0.600694 0.727344 0.608333 0.726953 0.616667 0.728125 0.614583 0.727344 0.607639 0.728516 0.609722 0.732422 0.601389 0.739062 0.604167 0.742188 0.609028 0.744141 0.604167 0.750000 0.609028 0.753125 0.609028 0.758594 0.603472 0.760938 0.603472 0.763672 0.607639 0.771094 0.607639 0.774219 0.611111 0.780469 0.612500 0.786328 0.623611 0.792969 0.631250 0.792188 0.638194 0.789453 0.641667 0.789844 0.650000 0.798047 0.631944 0.798828 0.622222 0.800781 0.625694 0.813672 0.625694 0.816016 0.622222 0.828125 0.618056 0.845313 0.619444 0.858984 0.610417 0.871094 0.606250 0.885156 0.597917 0.890625 0.597917 0.892578 0.600000 0.903516 0.598611 0.910937 0.606250 0.918750 0.609722 0.929297 0.620833 0.951562 0.625000 0.956641 0.629861 0.960156 0.629861 0.961328 0.623611 0.967578 0.615972 0.976172 0.611111 0.983594 0.614583 0.981641 0.611806 0.991016 0.610417 0.999609 0.622917 0.999609 0.574306 0.994922 0.581250 0.987891 0.584028 0.978125 0.601389 0.967578 0.602778 0.962500 0.613194 0.960938 0.613889 0.949609 0.604167 0.944141 0.606944 0.939063 0.598611 0.933203 0.593056 0.925000 0.593056 0.917188 0.582639 0.910156 0.578472 0.907813 0.579167 0.906641 0.575694 0.903125 0.576389 0.902344 0.588194 0.899219 0.590278 0.900391 0.592361 0.896094 0.597917 0.892578 0.597917 0.892969 0.591667 0.891016 0.593750 0.889844 0.590278 0.891797 0.584722 0.894531 0.582639 0.894141 0.577083 0.881641 0.579861 0.879687 0.578472 0.876563 0.581250 0.872266 0.581250 0.857031 0.595139 0.847266 0.589583 0.849219 0.595833 0.849219 0.602083 0.842969 0.607639 0.841016 0.606944 0.839844 0.599306 0.831250 0.598611 0.825781 0.603472 0.822266 0.603472 0.818750 0.596528 0.815234 0.595139 0.812500 0.600694 0.802734 0.600694 0.799219 0.602778 0.798828 0.613889 0.789844 0.583333 0.786328 0.583333 0.782031 0.592361 0.779297 0.593750 0.768750 0.588194 0.765625 0.579861 0.762891 0.578472 0.757812 0.579861 0.752734 0.586111 0.747266 0.587500 0.731250 0.577778 0.723047 0.579861 0.721875 0.582639 0.717187 0.581250 0.716016 0.577778 0.712500 0.579861 0.713281 0.588889 0.710547 0.593750 0.700000 0.593750 0.694922 0.586111 0.694141 0.581250 0.689453 0.585417 0.689063 0.591667 0.679688 0.577083 0.674219 0.575000 0.674609 0.565278 0.664453 0.564583 0.662109 0.556944 0.655469 0.551389 0.649609 0.554167 0.652734 0.535417 0.641406 0.537500 0.633594 0.534028 0.634766 0.523611 0.625391 0.529167 0.617578 0.529861 0.618750 0.524306 0.621484 0.522222 0.612109 0.518750 0.611328 0.512500 0.613281 0.509028 0.609766 0.509028 0.606250 0.517361 0.591016 0.521528 0.586719 0.528472 0.582422 0.527778 0.576562 0.516667 0.573047 0.517361 0.571094 0.514583 0.566406 0.518750 0.557031 0.503472 0.554297 0.496528 0.553125 0.488889 0.549219 0.479861 0.534375 0.468056 0.532813 0.463889 0.523047 0.465278 0.519531 0.461806 0.514453 0.463889 0.509766 0.462500 0.510547 0.464583 0.514453 0.464583 0.522266 0.471528 0.529297 0.472222 0.532031 0.476389 0.540625 0.482639 0.542578 0.486806 0.541406 0.493056 0.531641 0.503472 0.531250 0.508333 0.533203 0.511111 0.530469 0.516667 0.523438 0.518750 0.519141 0.511806 0.519141 0.506944 0.514844 0.504167 0.511719 0.497917 0.504687 0.490278 0.504687 0.484028 0.506250 0.484722 0.501953 0.470139 0.501953 0.465278 0.504297 0.461806 0.507812 0.461806 0.507812 0.456944 0.505859 0.454167 0.505859 0.451389 0.507422 0.447917 0.510156 0.447917 0.508984 0.443056 0.496094 0.432639 0.492578 0.423611 0.492578 0.414583 0.491406 0.411111 0.486719 0.409722 0.483203 0.402083 0.479297 0.402778 0.482031 0.409722 0.482031 0.413889 0.480469 0.416667 0.481250 0.421528 0.479297 0.426389 0.478906 0.454167 0.475781 0.463194 0.475781 0.466667 0.488672 0.484028 0.490234 0.488194 0.487109 0.489583 0.486719 0.494444 0.479297 0.504861 0.476172 0.503472 0.473828 0.493056 0.471094 0.498611 0.467578 0.499306 0.462891 0.490278
0 0.472266 0.368750 0.467969 0.374306 0.469141 0.386806 0.471094 0.389583 0.470313 0.402083 0.472656 0.407639 0.476172 0.406944 0.476172 0.415972 0.479297 0.411806 0.478125 0.406250 0.475781 0.404861 0.476562 0.396528 0.474219 0.393750 0.474609 0.386806 0.473047 0.389583 0.471484 0.386806 0.471484 0.382639 0.474219 0.379861 0.474609 0.370139
0 0.337500 0.022222 0.328125 0.039583 0.334375 0.040972 0.338281 0.034028 0.339062 0.029167
0 0.286719 0.055556 0.292187 0.068056 0.294141 0.069444 0.308594 0.068750 0.317188 0.081944 0.320312 0.081944 0.323437 0.077083 0.326953 0.077778 0.329297 0.081944 0.332422 0.093750 0.332422 0.100694 0.337891 0.093056 0.345703 0.093056 0.350000 0.104167 0.359375 0.102778 0.365234 0.112500 0.367188 0.107639 0.370703 0.107639 0.371484 0.116667 0.373828 0.122222 0.380859 0.118750 0.381641 0.128472 0.388281 0.135417 0.387109 0.145833 0.389453 0.150694 0.390234 0.157639 0.397656 0.161111 0.399609 0.164583 0.399609 0.169444 0.398047 0.173611 0.396875 0.172917 0.398047 0.163889 0.397266 0.165278 0.396484 0.178472 0.394922 0.181250 0.396094 0.183333 0.392969 0.186111 0.392188 0.190278 0.395313 0.190972 0.398047 0.181944 0.403125 0.178472 0.404687 0.187500 0.407813 0.193056 0.406641 0.196528 0.408203 0.202083 0.410547 0.202083 0.414844 0.196528 0.417187 0.189583 0.420703 0.189583 0.422656 0.193056 0.421484 0.199306 0.421875 0.211806 0.425000 0.210417 0.432031 0.218056 0.432031 0.221528 0.428906 0.224306 0.428906 0.229167 0.433594 0.238194 0.434375 0.256250 0.436719 0.261111 0.436719 0.265278 0.434766 0.272222 0.432422 0.275694 0.430469 0.275694 0.430469 0.278472 0.437500 0.290278 0.436328 0.308333 0.438672 0.315972 0.438672 0.322222 0.440234 0.320833 0.444141 0.327083 0.441406 0.340278 0.444141 0.337500 0.444141 0.343056 0.446484 0.347222 0.448828 0.347917 0.452344 0.357639 0.455859 0.358333 0.459766 0.355556 0.464062 0.360417 0.466016 0.364583 0.466406 0.371528 0.466797 0.363889 0.471094 0.363889 0.471484 0.360417 0.467187 0.359028 0.467187 0.352083 0.466797 0.354861 0.460547 0.354861 0.462109 0.350694 0.464453 0.349306 0.461328 0.343056 0.461328 0.336111 0.459375 0.327083 0.448828 0.307639 0.448828 0.303472 0.451562 0.297917 0.450781 0.279861 0.444922 0.269444 0.441016 0.268750 0.438281 0.263889 0.438281 0.260417 0.441016 0.256250 0.440234 0.234028 0.437109 0.225000 0.434375 0.195833 0.432422 0.189583 0.428516 0.188889 0.426953 0.186111 0.426563 0.177778 0.421875 0.181250 0.419531 0.175000 0.417969 0.177778 0.413672 0.179167 0.412500 0.173611 0.410938 0.173611 0.405859 0.183333 0.405078 0.179861 0.405078 0.188194 0.403125 0.168750 0.403516 0.150694 0.395703 0.144444 0.393359 0.130556 0.387500 0.123611 0.385937 0.110417 0.382812 0.109028 0.378906 0.102083 0.374609 0.100694 0.372656 0.097222 0.372266 0.091667 0.368359 0.084722 0.362109 0.087500 0.360547 0.084028 0.355859 0.081944 0.355078 0.086806 0.353125 0.085417 0.350781 0.079167 0.345703 0.072917 0.344531 0.060417 0.342187 0.056944 0.339844 0.038889 0.339844 0.060417 0.337500 0.065278 0.333594 0.059028 0.333203 0.051389 0.330469 0.054861 0.325391 0.052778 0.324219 0.048611 0.327344 0.040278 0.325000 0.039583 0.323828 0.034028 0.328516 0.026389 0.326562 0.026389 0.323047 0.031944 0.320703 0.032639 0.317188 0.020833 0.316016 0.021528 0.315625 0.027083 0.318750 0.033333 0.319922 0.040972 0.314063 0.057639 0.309375 0.056944 0.303906 0.048611 0.303906 0.034028 0.298828 0.042361 0.298828 0.048611 0.296875 0.053472 0.289453 0.053472
0 0.000000 0.136806 0.001172 0.138194 0.019531 0.125694 0.014844 0.128472 0.008594 0.128472 0.002734 0.134722 0.001953 0.133333 0.003125 0.130556 0.009766 0.125694 0.012891 0.125694 0.015625 0.122222 0.023828 0.120833 0.023438 0.118750 0.020703 0.117361 0.020313 0.112500 0.023438 0.110417 0.026953 0.113889 0.025391 0.104861 0.033203 0.100000 0.034375 0.102083 0.032422 0.104861 0.033594 0.119444 0.038281 0.112500 0.044531 0.111806 0.046094 0.114583 0.047266 0.127083 0.053125 0.136111 0.058594 0.137500 0.060937 0.140972 0.077734 0.140972 0.082422 0.147222 0.093750 0.145139 0.096875 0.148611 0.099219 0.156250 0.108984 0.161806 0.111719 0.154861 0.116016 0.154861 0.125781 0.142361 0.127344 0.145833 0.132812 0.140972 0.134766 0.147917 0.140234 0.150694 0.142578 0.148611 0.141406 0.160417 0.144141 0.166667 0.145703 0.164583 0.148438 0.165278 0.148438 0.170139 0.145703 0.172917 0.145313 0.178472 0.151562 0.179861 0.157422 0.173611 0.158984 0.168056 0.157812 0.157639 0.161328 0.152778 0.164453 0.140972 0.179297 0.137500 0.180859 0.132639 0.185938 0.127778 0.197656 0.127083 0.198047 0.134028 0.200781 0.136806 0.204297 0.145139 0.203906 0.156250 0.205078 0.157639 0.208203 0.150000 0.207813 0.136111 0.212109 0.136806 0.213672 0.140972 0.215234 0.140972 0.219141 0.132639 0.218750 0.127778 0.222656 0.118056 0.226953 0.117361 0.228906 0.120139 0.236328 0.120833 0.241797 0.115278 0.242578 0.105556 0.251953 0.104167 0.255859 0.096528 0.261328 0.097222 0.262891 0.086111 0.268359 0.081250 0.273047 0.065972 0.280078 0.066667 0.281250 0.063889 0.285938 0.061111 0.285938 0.054861 0.284766 0.050000 0.274609 0.050000 0.271484 0.047222 0.265234 0.050000 0.258984 0.044444 0.251563 0.047222 0.248828 0.051389 0.241797 0.051389 0.238672 0.038194 0.238672 0.032639 0.241016 0.027083 0.239453 0.025000 0.238672 0.026389 0.238281 0.024306 0.239453 0.021528 0.242188 0.021528 0.242188 0.014583 0.240625 0.020139 0.235156 0.022222 0.238281 0.033333 0.238281 0.042361 0.235937 0.048611 0.237109 0.053472 0.236719 0.060417 0.242969 0.061111 0.242578 0.070833 0.239063 0.074306 0.239063 0.078472 0.241016 0.081944 0.234766 0.095139 0.232031 0.095139 0.227344 0.090972 0.221875 0.090972 0.215625 0.097917 0.208594 0.101389 0.216016 0.102778 0.221484 0.095139 0.225000 0.095139 0.228125 0.102778 0.221875 0.105556 0.215625 0.116667 0.215234 0.124306 0.213281 0.125694 0.212109 0.132639 0.207031 0.133333 0.204687 0.127083 0.199609 0.127083 0.198047 0.123611 0.198828 0.120139 0.197266 0.123611 0.192969 0.114583 0.191016 0.117361 0.188672 0.117361 0.187500 0.106250 0.185156 0.112500 0.180078 0.118056 0.179688 0.124306 0.175781 0.122917 0.172656 0.111806 0.172656 0.093056 0.171094 0.087500 0.168750 0.086111 0.164453 0.100000 0.164453 0.105556 0.166797 0.111111 0.166406 0.121528 0.162891 0.123611 0.159375 0.129861 0.151953 0.127083 0.141406 0.127083 0.136719 0.129861 0.135156 0.121528 0.132422 0.121528 0.127734 0.126389 0.126562 0.131944 0.121875 0.138194 0.113672 0.137500 0.111719 0.134722 0.104297 0.133333 0.098828 0.124306 0.097266 0.118056 0.094531 0.118056 0.091406 0.122917 0.089063 0.122917 0.077734 0.111111 0.074609 0.111111 0.073047 0.116667 0.070312 0.116667 0.065625 0.111806 0.063281 0.106250 0.055469 0.102778 0.053906 0.099306 0.055469 0.093056 0.050781 0.088889 0.051172 0.082639 0.048438 0.086806 0.047266 0.093056 0.043359 0.094444 0.036719 0.081944 0.032031 0.077778 0.032031 0.048611 0.033203 0.042361 0.031250 0.034722 0.033984 0.030556 0.032422 0.021528 0.032422 0.011111 0.030859 0.009028 0.022656 0.009028 0.021094 0.013889 0.023438 0.019444 0.021094 0.023611 0.019531 0.031944 0.016406 0.034028 0.019141 0.037500 0.019141 0.043750 0.013672 0.048611 0.008984 0.048611 0.005859 0.052083 0.010156 0.055556 0.017969 0.056250 0.018359 0.059028 0.016797 0.062500 0.016797 0.075694 0.015234 0.080556 0.008203 0.087500 0.005078 0.087500 0.000391 0.093056
