0 0.367578 0.906944 0.364063 0.920139 0.364453 0.936806 0.362500 0.939583 0.361719 0.945139 0.360156 0.945139 0.358594 0.941667 0.358203 0.954861 0.359766 0.958333 0.359375 0.966667 0.364453 0.977083 0.366016 0.998611 0.369922 0.999306 0.371094 0.993750 0.374219 0.990278 0.370703 0.982639 0.372266 0.965278 0.364063 0.952083 0.364063 0.942361 0.367188 0.934722 0.367969 0.922917 0.372266 0.914583 0.369922 0.913194
0 0.384375 0.827083 0.383594 0.838889 0.388672 0.852778 0.391406 0.866667 0.392578 0.863194 0.392578 0.855556 0.396094 0.846528 0.391797 0.843056 0.387500 0.830556
0 0.393359 0.744444 0.389453 0.745139 0.388281 0.755556 0.390234 0.759722 0.389453 0.764583 0.394922 0.766667 0.394141 0.780556 0.392188 0.783333 0.392578 0.791667 0.388281 0.795833 0.389062 0.806250 0.382812 0.804861 0.386328 0.815278 0.389453 0.815278 0.392969 0.806250 0.393750 0.793750 0.397656 0.784028 0.400000 0.770139 0.400391 0.761806 0.396094 0.763889 0.392578 0.759028
0 0.407031 0.706250 0.403906 0.709028 0.405859 0.717361 0.404297 0.722222 0.404297 0.727778 0.403516 0.729167 0.403125 0.727083 0.399219 0.740278 0.402344 0.738194 0.408203 0.727083 0.409375 0.729167 0.409375 0.734028 0.412109 0.734028 0.412109 0.729861 0.410156 0.725000 0.409766 0.713194
0 0.404687 0.618056 0.406250 0.622917 0.406250 0.654167 0.401953 0.674306 0.404687 0.672917 0.409375 0.675694 0.409375 0.658333 0.410547 0.654167 0.408203 0.651389 0.408203 0.647222 0.409766 0.644444 0.410547 0.620139 0.406250 0.620139
0 0.405859 0.520833 0.403125 0.528472 0.396094 0.527778 0.399609 0.545833 0.396094 0.558333 0.400000 0.559722 0.406641 0.568056 0.407031 0.584722 0.403125 0.582639 0.403516 0.599306 0.407031 0.610417 0.412500 0.613889 0.414062 0.610417 0.414062 0.605556 0.411328 0.600694 0.409375 0.583333 0.411719 0.563194 0.408594 0.555556 0.409375 0.542361 0.406641 0.531250
0 0.399609 0.447222 0.398047 0.447222 0.398047 0.449306 0.401562 0.456250 0.402344 0.461111 0.396484 0.468750 0.394141 0.476389 0.395313 0.479861 0.405859 0.464583 0.403125 0.457639 0.402344 0.451389
0 0.398047 0.409722 0.402344 0.422222 0.402734 0.429861 0.404297 0.432639 0.407422 0.433333 0.408984 0.436806 0.408984 0.440972 0.406641 0.444444 0.408203 0.459028 0.413281 0.459028 0.415234 0.437500 0.414453 0.431944 0.406250 0.423611 0.402344 0.411806
0 0.555078 0.392361 0.551953 0.405556 0.548438 0.411806 0.548828 0.425694 0.542188 0.435417 0.538672 0.448611 0.540234 0.462500 0.542188 0.466667 0.542188 0.472917 0.542969 0.468750 0.540234 0.445833 0.542969 0.436111 0.552344 0.426389 0.551172 0.415278 0.551562 0.410417 0.555469 0.400694
0 0.416797 0.390972 0.415234 0.393750 0.410938 0.393750 0.410938 0.400000 0.406250 0.408333 0.406250 0.413194 0.416016 0.404167
0 0.448047 0.297917 0.443359 0.302083 0.442969 0.325000 0.440625 0.329861 0.436719 0.328472 0.437500 0.336806 0.435937 0.342361 0.432422 0.345833 0.432031 0.350000 0.430078 0.352083 0.430469 0.361806 0.428125 0.370833 0.420312 0.385417 0.421484 0.387500 0.420703 0.396528 0.422266 0.388194 0.432422 0.373611 0.434375 0.363889 0.434766 0.350694 0.444531 0.336806 0.444531 0.322222 0.446094 0.315972 0.445312 0.307639
0 0.428906 0.195833 0.427344 0.205556 0.430078 0.217361 0.431250 0.231250 0.433594 0.227778 0.441016 0.238194 0.440625 0.250000 0.436719 0.256944 0.437109 0.267361 0.439453 0.271528 0.443750 0.272917 0.446484 0.277083 0.448047 0.286806 0.450391 0.290278 0.449219 0.296528 0.452734 0.290972 0.449609 0.287500 0.450000 0.279167 0.445703 0.275000 0.441406 0.265278 0.443359 0.237500 0.433203 0.220833 0.430469 0.212500 0.430859 0.197222
0 0.585156 0.184722 0.584375 0.190972 0.581641 0.197917 0.582422 0.204167 0.573438 0.213194 0.575000 0.231944 0.567969 0.238889 0.566406 0.243750 0.567969 0.243750 0.570703 0.238194 0.573438 0.237500 0.576562 0.232639 0.576953 0.215278 0.578125 0.209722 0.582812 0.206944 0.585156 0.202778
0 0.440234 0.180556 0.439453 0.187500 0.444141 0.197222 0.444141 0.209028 0.445703 0.215278 0.448047 0.213889 0.446484 0.211111 0.446094 0.200694 0.441016 0.187500 0.441406 0.182639
0 0.603906 0.161111 0.599219 0.164583 0.596875 0.172917 0.594141 0.173611 0.593359 0.182639 0.594922 0.188194 0.595313 0.181250 0.597266 0.175000 0.603516 0.164583
0 0.427344 0.132639 0.430469 0.143056 0.428516 0.157639 0.432812 0.163194 0.434375 0.172917 0.433984 0.177083 0.431250 0.180556 0.432422 0.193056 0.436719 0.186806 0.435937 0.182639 0.439063 0.180556 0.440234 0.175000 0.437891 0.170139 0.436719 0.159028 0.434766 0.153472 0.435547 0.141667 0.432031 0.134028
0 0.607812 0.122917 0.605469 0.147917 0.608984 0.135417 0.607422 0.129167
0 0.620313 0.001389 0.619531 0.009028 0.616016 0.019444 0.615625 0.027778 0.616016 0.037500 0.618750 0.045139 0.618359 0.054861 0.611719 0.067361 0.610547 0.065972 0.610938 0.063194 0.608984 0.070833 0.603906 0.077778 0.604688 0.083333 0.602734 0.093750 0.603516 0.099306 0.605078 0.096528 0.604688 0.089583 0.606641 0.085417 0.606641 0.080556 0.609766 0.075000 0.609766 0.070139 0.615625 0.065278 0.619141 0.059028 0.619922 0.043056 0.617578 0.035417 0.617188 0.020833 0.622656 0.006250 0.621094 0.006250 0.621484 0.002083
0 0.450781 0.000000 0.447656 0.000000 0.446094 0.018750 0.447656 0.031944 0.442188 0.034722 0.440625 0.040278 0.435937 0.047917 0.435937 0.070139 0.428125 0.077778 0.426172 0.077778 0.424219 0.072222 0.421484 0.085417 0.421484 0.093056 0.425781 0.093056 0.426172 0.084722 0.427734 0.079167 0.430078 0.076389 0.433203 0.088194 0.433594 0.099306 0.435156 0.100000 0.435937 0.097917 0.436328 0.087500 0.439063 0.081944 0.441406 0.070833 0.441406 0.045833 0.448828 0.029861 0.450781 0.013194
