0 0.237109 0.956250 0.235156 0.968056 0.237500 0.973611 0.237500 0.978472 0.235547 0.984722 0.235547 0.992361 0.237500 0.998611 0.237109 0.988889 0.239453 0.977083
0 0.437109 0.802083 0.435156 0.798611 0.431250 0.798611 0.427344 0.793750 0.426172 0.800694 0.423438 0.800694 0.421094 0.795833 0.410547 0.797222 0.403516 0.795139 0.396875 0.801389 0.372656 0.799306 0.368359 0.804861 0.362500 0.802778 0.354687 0.811111 0.350000 0.812500 0.342969 0.837500 0.337891 0.842361 0.330469 0.840278 0.326953 0.843750 0.321875 0.843750 0.321875 0.847222 0.324219 0.847917 0.328125 0.844444 0.338281 0.845139 0.343359 0.839583 0.347656 0.829861 0.355859 0.831250 0.365625 0.818056 0.370312 0.820139 0.382422 0.818750 0.390625 0.804861 0.399219 0.804861 0.404297 0.807639 0.413281 0.806250 0.415234 0.810417 0.422656 0.812500 0.423438 0.806250 0.426172 0.804861 0.429688 0.811111 0.430469 0.824306 0.432812 0.804861
0 0.010547 0.730556 0.005859 0.729861 0.004687 0.734722 0.000781 0.740278 0.000781 0.745833 0.005859 0.747917 0.006641 0.741667 0.010547 0.736111
0 0.573828 0.654861 0.566016 0.654167 0.560547 0.649306 0.560547 0.645833 0.555859 0.654861 0.555469 0.662500 0.548828 0.684028 0.548438 0.691667 0.546094 0.695833 0.543750 0.696528 0.533594 0.708333 0.523438 0.708333 0.519141 0.711111 0.514844 0.717361 0.511328 0.726389 0.500000 0.737500 0.497656 0.737500 0.487891 0.745139 0.478516 0.761806 0.474609 0.765278 0.459375 0.766667 0.456250 0.763194 0.451562 0.763194 0.444531 0.784722 0.444531 0.793056 0.446875 0.792361 0.449609 0.783333 0.453906 0.778472 0.464062 0.779167 0.468359 0.775000 0.479687 0.771528 0.486719 0.764583 0.496094 0.760417 0.501172 0.747222 0.510938 0.738889 0.513281 0.738889 0.519922 0.747917 0.529687 0.747917 0.530859 0.738194 0.527734 0.729861 0.527734 0.722917 0.536719 0.715972 0.539453 0.710417 0.543750 0.706944 0.550781 0.694444 0.553906 0.682639 0.556250 0.678472 0.573438 0.664583
0 0.347266 0.640278 0.343359 0.643750 0.342969 0.653472 0.339844 0.658333 0.341406 0.673611 0.338672 0.675000 0.337500 0.683333 0.338672 0.700000 0.336719 0.708333 0.337109 0.722222 0.333594 0.727083 0.333203 0.734722 0.327344 0.751389 0.318750 0.761111 0.317578 0.769444 0.315234 0.775000 0.316016 0.784722 0.313281 0.788194 0.311328 0.800000 0.307812 0.803472 0.305078 0.813889 0.299609 0.825000 0.300781 0.839583 0.295312 0.843750 0.293750 0.850694 0.290234 0.855556 0.283203 0.871528 0.277734 0.880556 0.272266 0.885417 0.271484 0.890972 0.269141 0.893056 0.268750 0.900000 0.260937 0.904167 0.257422 0.909028 0.250391 0.911111 0.244531 0.921528 0.239453 0.940278 0.235547 0.944444 0.229297 0.945833 0.223828 0.968750 0.214844 0.981250 0.209375 0.995139 0.208984 0.999306 0.212500 0.999306 0.213281 0.991667 0.215234 0.990278 0.217188 0.983333 0.222266 0.975000 0.223828 0.975000 0.232031 0.958333 0.230469 0.949306 0.233594 0.946528 0.235547 0.950000 0.239063 0.950000 0.239063 0.944444 0.243359 0.937500 0.250781 0.915278 0.256641 0.913194 0.260937 0.909028 0.266406 0.908333 0.271094 0.903472 0.275781 0.888194 0.279687 0.883333 0.284766 0.869444 0.293359 0.859722 0.294922 0.852083 0.300000 0.852778 0.302734 0.856944 0.308203 0.853472 0.317188 0.852778 0.317188 0.843056 0.313281 0.843056 0.306250 0.852778 0.299219 0.851389 0.298438 0.847222 0.301953 0.843750 0.302734 0.830556 0.301172 0.825000 0.305469 0.818056 0.308203 0.806250 0.312500 0.802778 0.316016 0.793750 0.318359 0.783333 0.319141 0.769444 0.323828 0.759722 0.327734 0.756250 0.334766 0.736111 0.335547 0.730556 0.340625 0.723611 0.340625 0.699306 0.339453 0.696528 0.339453 0.687500 0.341016 0.678472 0.348047 0.666667 0.346875 0.657639 0.348047 0.648611
0 0.624219 0.542361 0.622656 0.541667 0.619141 0.573611 0.610547 0.592361 0.603906 0.602778 0.603906 0.608333 0.598437 0.631944 0.601562 0.628472 0.605078 0.615972 0.606641 0.602778 0.614844 0.590972 0.616406 0.583333 0.621484 0.576389 0.623047 0.554861 0.625391 0.549306
0 0.657031 0.459722 0.649219 0.461111 0.651172 0.478472 0.642188 0.506944 0.644531 0.507639 0.651563 0.492361 0.656250 0.472222
0 0.039062 0.394444 0.036328 0.395833 0.034375 0.406250 0.030469 0.406944 0.028516 0.413889 0.025391 0.413889 0.023828 0.420833 0.017188 0.433333 0.013281 0.434028 0.005469 0.440972 0.001563 0.439583 0.000000 0.448611 0.004297 0.444444 0.007031 0.444444 0.008594 0.447917 0.008594 0.440972 0.010547 0.437500 0.017578 0.437500 0.030078 0.411806 0.035547 0.405556 0.037109 0.397222
0 0.108984 0.368056 0.104688 0.368056 0.101562 0.371528 0.088281 0.370833 0.084766 0.375694 0.076953 0.377778 0.075000 0.381250 0.071484 0.381250 0.071094 0.388889 0.068750 0.384722 0.068750 0.381944 0.066406 0.380556 0.063281 0.386111 0.058984 0.386111 0.057031 0.388889 0.048438 0.386806 0.037891 0.388889 0.038672 0.393056 0.048438 0.389583 0.060937 0.390972 0.063672 0.386806 0.066406 0.386806 0.067969 0.392361 0.075391 0.390972 0.076563 0.393056 0.080078 0.393056 0.083984 0.385417 0.089844 0.390972 0.088672 0.393056 0.084766 0.391667 0.082031 0.394444 0.091406 0.394444 0.092188 0.392361 0.098437 0.390278 0.098437 0.387500 0.103125 0.380556 0.102344 0.379167 0.103516 0.375694 0.107031 0.374306
0 0.126953 0.361806 0.123828 0.362500 0.122266 0.357639 0.120313 0.356944 0.121484 0.363194 0.114062 0.365972 0.116797 0.368056
0 0.142969 0.354861 0.141406 0.357639 0.131250 0.356250 0.128125 0.361806 0.132031 0.361806 0.134375 0.359028 0.142578 0.359028
0 0.163281 0.343750 0.161328 0.341667 0.157031 0.342361 0.154297 0.354167 0.150781 0.359722 0.156250 0.356250 0.156250 0.352083 0.158594 0.356944 0.161719 0.356250
0 0.351562 0.320139 0.356641 0.329167 0.362109 0.331944 0.361328 0.329167 0.357031 0.327083 0.353906 0.320833
0 0.235547 0.303472 0.234766 0.302083 0.232422 0.304167 0.230859 0.309722 0.227734 0.309028 0.225781 0.316667 0.217578 0.320833 0.212109 0.320139 0.209375 0.322917 0.207813 0.318056 0.203906 0.318750 0.197266 0.329167 0.198437 0.320139 0.196094 0.323611 0.194922 0.331944 0.187891 0.335417 0.186328 0.338194 0.170313 0.337500 0.169922 0.343056 0.168359 0.345833 0.169531 0.348611 0.171875 0.339583 0.180078 0.342361 0.183984 0.341667 0.188281 0.336806 0.194922 0.336111 0.204687 0.320833 0.206641 0.320833 0.208203 0.324306 0.210938 0.322222 0.210938 0.324306 0.213672 0.324306 0.222656 0.318056 0.228125 0.318056 0.230859 0.315972 0.230469 0.311111 0.235156 0.306944
0 0.305469 0.298611 0.303906 0.295833 0.300391 0.297222 0.293750 0.295139 0.294922 0.288194 0.292578 0.286111 0.291406 0.293750 0.279687 0.290278 0.261719 0.304167 0.259375 0.304167 0.257031 0.297917 0.255469 0.297917 0.250781 0.305556 0.245703 0.304861 0.246094 0.307639 0.251563 0.306944 0.256250 0.301389 0.259766 0.306250 0.265625 0.305556 0.268750 0.300000 0.280859 0.293056 0.283984 0.293056 0.295312 0.301389 0.302344 0.301389
0 0.605078 0.095833 0.608203 0.100694 0.611328 0.101389 0.614062 0.108333 0.623047 0.111806 0.624219 0.117361 0.622656 0.122917 0.629297 0.132639 0.632812 0.135417 0.632422 0.127778 0.635156 0.127083 0.638281 0.131944 0.642188 0.134028 0.645312 0.142361 0.644922 0.126389 0.642969 0.129861 0.640234 0.129861 0.635156 0.122917 0.633984 0.118056 0.627734 0.115278 0.625781 0.109722 0.618359 0.106250
0 0.509766 0.091667 0.515234 0.093056 0.520312 0.090278 0.512500 0.089583
0 0.563672 0.082639 0.558984 0.077778 0.548438 0.075000 0.537109 0.084028 0.534766 0.088194 0.526953 0.089583 0.525391 0.091667 0.537891 0.090278 0.541797 0.082639 0.544922 0.082639 0.548828 0.079167 0.558203 0.081250 0.561719 0.085417
0 0.609375 0.074306 0.612891 0.075694 0.612500 0.080556 0.615625 0.085417 0.615625 0.092361 0.619531 0.095833 0.619531 0.103472 0.621094 0.104167 0.623047 0.100000 0.621484 0.093750 0.617578 0.090278 0.616406 0.072222
0 0.464453 0.060417 0.447656 0.059722 0.444531 0.061806 0.442969 0.065972 0.436328 0.062500 0.426563 0.061806 0.417969 0.079167 0.412891 0.084722 0.400391 0.087500 0.388672 0.086111 0.381641 0.088194 0.377734 0.084028 0.374609 0.076389 0.355469 0.070139 0.355078 0.071528 0.362500 0.081250 0.375391 0.087500 0.378516 0.092361 0.385156 0.093056 0.387891 0.100000 0.399219 0.100000 0.417969 0.089583 0.425781 0.079167 0.429688 0.070833 0.451953 0.069444
0 0.998047 0.031250 0.991016 0.040972 0.986328 0.054861 0.982031 0.074306 0.970703 0.096528 0.960156 0.102083 0.954688 0.111806 0.933203 0.127778 0.921875 0.145833 0.907031 0.153472 0.898828 0.168056 0.883984 0.181250 0.882422 0.185417 0.882422 0.192361 0.878516 0.217361 0.873437 0.231944 0.861328 0.238194 0.846875 0.238194 0.840234 0.246528 0.839063 0.251389 0.838672 0.267361 0.816406 0.305556 0.814063 0.313889 0.814063 0.328472 0.798438 0.327083 0.796484 0.329167 0.789844 0.329861 0.786719 0.327083 0.776563 0.327083 0.776563 0.329861 0.772266 0.335417 0.765234 0.321528 0.761719 0.320833 0.730078 0.350694 0.722656 0.353472 0.716406 0.363194 0.708984 0.368056 0.704688 0.374306 0.695312 0.375694 0.684375 0.381250 0.673828 0.397222 0.667188 0.398611 0.665625 0.405556 0.666016 0.418750 0.664062 0.430556 0.655859 0.431944 0.653125 0.440278 0.648438 0.442361 0.644922 0.450694 0.620703 0.454167 0.612109 0.466667 0.607031 0.466667 0.604297 0.461806 0.599219 0.459722 0.598437 0.465972 0.596094 0.470139 0.593750 0.470833 0.586328 0.466667 0.573047 0.450694 0.557031 0.454167 0.553906 0.447917 0.550391 0.445833 0.543750 0.445833 0.539844 0.451389 0.533594 0.452778 0.532031 0.450000 0.532422 0.441667 0.526563 0.446528 0.521484 0.447917 0.518750 0.451389 0.509766 0.451389 0.506641 0.456250 0.494531 0.454167 0.489844 0.457639 0.482812 0.449306 0.479297 0.449306 0.473438 0.454861 0.468359 0.454861 0.465625 0.459028 0.460156 0.456250 0.453125 0.456250 0.451172 0.459028 0.448047 0.459028 0.445312 0.454167 0.439063 0.453472 0.427734 0.440972 0.426953 0.425694 0.419141 0.411111 0.409375 0.403472 0.404297 0.404861 0.402734 0.409028 0.398438 0.399306 0.396094 0.399306 0.393750 0.395139 0.389453 0.393056 0.383984 0.375694 0.379297 0.367361 0.379688 0.359028 0.375391 0.356944 0.376563 0.348611 0.371094 0.344444 0.369531 0.345139 0.361719 0.335417 0.355469 0.336806 0.353906 0.331944 0.350391 0.329861 0.348828 0.315972 0.345703 0.310417 0.353125 0.305556 0.356641 0.299306 0.356641 0.296528 0.363281 0.287500 0.361328 0.281944 0.360938 0.275000 0.359766 0.276389 0.359766 0.286806 0.354687 0.293750 0.353906 0.298611 0.349219 0.301389 0.342969 0.309722 0.341016 0.308333 0.333984 0.289583 0.317969 0.290278 0.312109 0.286806 0.310547 0.282639 0.308594 0.282639 0.306641 0.293750 0.307422 0.297222 0.310547 0.293750 0.312891 0.294444 0.312891 0.289583 0.316797 0.293056 0.321094 0.290972 0.323437 0.294444 0.326172 0.292361 0.333203 0.293056 0.334375 0.298611 0.347656 0.320833 0.348828 0.332639 0.352344 0.334028 0.355078 0.339583 0.360938 0.337500 0.370703 0.349306 0.374219 0.350694 0.375000 0.354167 0.373047 0.359028 0.376953 0.359028 0.378125 0.361111 0.378516 0.370833 0.383984 0.381250 0.387109 0.393750 0.393750 0.400000 0.397266 0.400000 0.398828 0.402778 0.397656 0.409028 0.398438 0.411806 0.399609 0.406250 0.401172 0.407639 0.402344 0.423611 0.404297 0.427778 0.408984 0.431944 0.414062 0.443056 0.412891 0.451389 0.405078 0.442361 0.399219 0.444444 0.399609 0.474306 0.401172 0.481250 0.402734 0.482639 0.401562 0.484722 0.387500 0.486111 0.387109 0.496528 0.382422 0.502778 0.380469 0.508333 0.376953 0.511806 0.370312 0.513889 0.362500 0.522222 0.358594 0.532639 0.354687 0.532639 0.351172 0.542361 0.350391 0.551389 0.347656 0.553472 0.345703 0.551389 0.337891 0.551389 0.333984 0.558333 0.323047 0.558333 0.319531 0.569444 0.319531 0.579861 0.314844 0.590972 0.308984 0.593056 0.307422 0.597222 0.303906 0.599306 0.301172 0.604167 0.301172 0.608333 0.298828 0.611111 0.291406 0.604861 0.287500 0.604167 0.282031 0.609028 0.268359 0.609028 0.264453 0.613194 0.262109 0.619444 0.257812 0.620139 0.257422 0.622917 0.253125 0.622917 0.249609 0.618750 0.240625 0.626389 0.232813 0.624306 0.220703 0.639583 0.217969 0.659028 0.213672 0.660417 0.211719 0.657639 0.209375 0.657639 0.207031 0.660417 0.201172 0.660417 0.189062 0.681250 0.186328 0.683333 0.179297 0.680556 0.166406 0.680556 0.164453 0.677778 0.164453 0.672917 0.162891 0.671528 0.154688 0.674306 0.148438 0.668750 0.137500 0.669444 0.133984 0.667361 0.128906 0.669444 0.122656 0.679167 0.115625 0.681250 0.105078 0.670833 0.099219 0.671528 0.086719 0.666667 0.085547 0.670139 0.086328 0.683333 0.082031 0.688194 0.077734 0.687500 0.072656 0.692361 0.064844 0.687500 0.061328 0.693750 0.050781 0.695139 0.047266 0.702083 0.040625 0.708333 0.039062 0.722917 0.033594 0.722222 0.032031 0.729167 0.024609 0.729167 0.023047 0.731944 0.020703 0.731944 0.020313 0.738194 0.027344 0.747222 0.029687 0.735417 0.032813 0.734028 0.035547 0.727083 0.039844 0.725694 0.040625 0.713889 0.044531 0.706944 0.047266 0.707639 0.046875 0.714583 0.048438 0.715972 0.061328 0.715972 0.066406 0.706250 0.072656 0.708333 0.087891 0.707639 0.090234 0.702778 0.094922 0.700000 0.097656 0.695833 0.105469 0.695833 0.107813 0.693056 0.112891 0.693056 0.114844 0.695833 0.120313 0.693750 0.126953 0.695139 0.130078 0.689583 0.134766 0.689583 0.136328 0.685417 0.130469 0.688194 0.126172 0.679861 0.126562 0.675000 0.131641 0.673611 0.134375 0.668750 0.148828 0.670833 0.153906 0.676389 0.158203 0.677778 0.164062 0.685417 0.189844 0.685417 0.195312 0.675000 0.199609 0.672222 0.199609 0.668056 0.201563 0.663889 0.208984 0.661111 0.213281 0.664583 0.217578 0.663889 0.221094 0.656944 0.223828 0.640278 0.230078 0.631944 0.233594 0.629861 0.240625 0.631944 0.243359 0.628472 0.253516 0.629167 0.257422 0.624306 0.264453 0.622222 0.266406 0.624306 0.268750 0.621528 0.275391 0.623611 0.277344 0.618750 0.289844 0.607639 0.298438 0.615278 0.301172 0.615278 0.305469 0.606944 0.310547 0.602778 0.312891 0.595139 0.316016 0.593056 0.319922 0.583333 0.326953 0.583333 0.329297 0.578472 0.332813 0.576389 0.338672 0.559722 0.346875 0.559722 0.353516 0.556250 0.356250 0.560417 0.357031 0.572917 0.354297 0.577083 0.353125 0.585417 0.353516 0.603472 0.355078 0.603472 0.355078 0.585417 0.357422 0.580556 0.358203 0.573611 0.357812 0.557639 0.362500 0.550694 0.364063 0.534722 0.366797 0.527083 0.372266 0.520139 0.379297 0.520139 0.391016 0.507639 0.394141 0.497917 0.404687 0.487500 0.408203 0.486111 0.409375 0.483333 0.418359 0.483333 0.422266 0.485417 0.424609 0.478472 0.428516 0.477083 0.430859 0.473611 0.437500 0.472917 0.440234 0.469444 0.448828 0.468750 0.454297 0.473611 0.460938 0.470139 0.466406 0.473611 0.471094 0.480556 0.475781 0.479861 0.480469 0.473611 0.483594 0.472917 0.489844 0.480556 0.491406 0.477083 0.500000 0.475000 0.503125 0.465972 0.506641 0.464583 0.509766 0.467361 0.510547 0.473611 0.514062 0.471528 0.525000 0.472917 0.531250 0.470139 0.535156 0.475000 0.541797 0.475694 0.543359 0.484028 0.546484 0.488194 0.551953 0.488194 0.559375 0.479167 0.563672 0.479167 0.567187 0.481944 0.578125 0.481944 0.581250 0.479167 0.586328 0.479167 0.594531 0.487500 0.596094 0.482639 0.610547 0.484722 0.617188 0.481944 0.625000 0.497222 0.628906 0.498611 0.630859 0.493750 0.630859 0.480556 0.635156 0.468750 0.642188 0.459722 0.653906 0.456944 0.655469 0.454861 0.656641 0.446528 0.659375 0.442361 0.666016 0.438889 0.667578 0.436111 0.678516 0.436111 0.690625 0.423611 0.692578 0.400694 0.695312 0.396528 0.701562 0.393056 0.719922 0.391667 0.723437 0.386806 0.724609 0.377083 0.725781 0.375694 0.736328 0.376389 0.738672 0.373611 0.742188 0.373611 0.745703 0.377083 0.748437 0.377083 0.754297 0.371528 0.768359 0.371528 0.781641 0.375000 0.785937 0.368056 0.785937 0.359028 0.810156 0.359028 0.813672 0.352778 0.817578 0.339583 0.821484 0.333333 0.826172 0.331944 0.827734 0.335417 0.832422 0.333333 0.836719 0.327083 0.836719 0.321528 0.832031 0.311111 0.831641 0.302778 0.844141 0.293056 0.847656 0.275694 0.851953 0.268750 0.866406 0.268750 0.876563 0.254167 0.883203 0.254167 0.891797 0.240278 0.893359 0.234722 0.893359 0.221528 0.900391 0.193056 0.904297 0.186111 0.912891 0.179167 0.921484 0.177778 0.929297 0.172917 0.929688 0.165278 0.925000 0.161111 0.925781 0.153472 0.938672 0.154167 0.946094 0.149306 0.956250 0.137500 0.960156 0.125000 0.962500 0.121528 0.972266 0.115278 0.978906 0.114583 0.980859 0.111806 0.987109 0.088889 0.988281 0.076389 0.996484 0.054861 0.999609 0.055556
