0 0.315234 0.667361 0.307812 0.668056 0.304688 0.670833 0.304688 0.675694 0.306250 0.677083 0.308203 0.672222 0.309766 0.673611 0.311328 0.670833 0.314453 0.670139
0 0.096875 0.506250 0.092188 0.513889 0.095703 0.511111
0 0.000000 0.479861 0.000000 0.487500 0.002734 0.492361 0.002734 0.497917 0.007422 0.488889 0.014453 0.481944 0.020313 0.482639 0.022266 0.491667 0.025781 0.491667 0.025781 0.485417 0.027734 0.482639 0.032813 0.485417 0.053516 0.484722 0.051562 0.476389 0.045703 0.476389 0.043359 0.479861 0.041016 0.478472 0.039844 0.481250 0.034766 0.478472 0.008984 0.476389 0.008594 0.473611 0.010937 0.468750 0.010937 0.461111 0.007812 0.463889 0.004687 0.475694
0 0.232031 0.462500 0.226953 0.468056 0.215234 0.465278 0.213281 0.460417 0.213672 0.457639 0.217578 0.456250 0.220703 0.452778 0.212500 0.454167 0.208203 0.461111 0.198437 0.460417 0.196875 0.463194 0.191406 0.464583 0.180469 0.476389 0.174219 0.475694 0.165234 0.470833 0.159766 0.470833 0.158594 0.475000 0.155469 0.475694 0.150391 0.467361 0.146875 0.468056 0.144141 0.465972 0.134766 0.475694 0.115234 0.479167 0.109766 0.484028 0.102344 0.484722 0.101562 0.481944 0.096484 0.481250 0.092188 0.486111 0.088672 0.486806 0.083984 0.494444 0.079687 0.491667 0.076953 0.493750 0.070312 0.493056 0.069141 0.491667 0.070312 0.483333 0.068750 0.481944 0.067187 0.486806 0.055078 0.483333 0.054688 0.488889 0.057031 0.492361 0.059766 0.493056 0.058594 0.496528 0.062891 0.490972 0.068750 0.490972 0.067969 0.497222 0.063281 0.499306 0.066016 0.502083 0.071094 0.494444 0.074219 0.494444 0.076563 0.497917 0.076563 0.502778 0.075000 0.506944 0.080859 0.506944 0.083984 0.500000 0.085938 0.499306 0.085938 0.509028 0.091016 0.500694 0.092969 0.491667 0.096484 0.486111 0.100391 0.488194 0.098437 0.498611 0.099609 0.496528 0.105078 0.495833 0.105469 0.500000 0.110547 0.496528 0.111328 0.491667 0.116016 0.484722 0.122266 0.481944 0.123438 0.485417 0.126562 0.483333 0.126953 0.485417 0.133594 0.486111 0.131250 0.484722 0.135156 0.477778 0.136719 0.480556 0.145313 0.471528 0.153125 0.475694 0.156250 0.485417 0.158984 0.481250 0.169141 0.478472 0.176563 0.479167 0.176563 0.482639 0.183594 0.481250 0.182812 0.482639 0.186719 0.482639 0.188672 0.477778 0.192188 0.477778 0.199219 0.463194 0.203516 0.465278 0.208594 0.463889 0.209766 0.465278 0.207422 0.469444 0.213281 0.468056 0.214062 0.470139 0.222266 0.472917 0.230078 0.469444 0.229687 0.466667
0 0.259766 0.447222 0.254688 0.446528 0.253906 0.444444 0.250781 0.445833 0.248047 0.450000 0.246094 0.457639 0.238281 0.459722 0.234375 0.463889 0.233984 0.468750 0.232422 0.468056 0.233203 0.465278 0.230859 0.468056 0.247656 0.478472 0.233203 0.479167 0.235937 0.481250 0.249219 0.482639 0.248047 0.477778 0.256250 0.479861 0.252344 0.472917 0.251953 0.460417 0.254688 0.452083 0.258594 0.450000
0 0.540234 0.345833 0.537891 0.348611 0.529687 0.351389 0.528125 0.355556 0.525000 0.356944 0.521484 0.363889 0.517969 0.365278 0.514062 0.371528 0.519141 0.380556 0.521875 0.381944 0.523438 0.378472 0.525000 0.366667 0.528516 0.361111 0.530078 0.360417 0.530859 0.363194 0.532422 0.363194 0.536328 0.354861 0.540234 0.356944 0.538672 0.354167
0 0.506250 0.356250 0.501172 0.356250 0.498437 0.359722 0.498828 0.363194 0.494141 0.364583 0.491016 0.362500 0.487109 0.354167 0.482812 0.353472 0.479687 0.347917 0.465625 0.344444 0.450000 0.344444 0.446094 0.352083 0.440625 0.356250 0.437109 0.363889 0.435156 0.363889 0.431250 0.368750 0.428516 0.377083 0.421484 0.379167 0.417187 0.385417 0.413672 0.384722 0.408203 0.389583 0.401562 0.408333 0.398438 0.426389 0.399219 0.438194 0.394141 0.446528 0.388672 0.447917 0.384766 0.443750 0.380859 0.443750 0.375000 0.452778 0.366797 0.454861 0.358203 0.464583 0.355859 0.462500 0.345313 0.464583 0.342187 0.459028 0.336328 0.457639 0.314063 0.459722 0.312500 0.463889 0.303906 0.465278 0.298438 0.472917 0.288672 0.475694 0.284766 0.479167 0.279687 0.479167 0.278906 0.475694 0.275781 0.475694 0.273828 0.479167 0.261328 0.479167 0.258984 0.481944 0.251172 0.481944 0.255078 0.485417 0.265625 0.483333 0.266016 0.486111 0.269531 0.484028 0.269922 0.487500 0.266016 0.493750 0.268359 0.493750 0.271875 0.486111 0.279297 0.481944 0.280469 0.484722 0.281641 0.483333 0.282813 0.487500 0.285938 0.486806 0.287891 0.488889 0.305078 0.472222 0.312109 0.472917 0.315625 0.476389 0.317578 0.483333 0.317188 0.508333 0.318359 0.510417 0.318359 0.516667 0.316406 0.525000 0.316016 0.535417 0.318359 0.542361 0.317578 0.554167 0.320703 0.562500 0.319531 0.581250 0.322656 0.586111 0.325000 0.597222 0.323047 0.608333 0.318359 0.614583 0.316797 0.623611 0.318750 0.634722 0.324219 0.638194 0.319531 0.659722 0.323828 0.655556 0.322656 0.661111 0.326562 0.672222 0.326562 0.681250 0.328516 0.686806 0.328516 0.697917 0.330859 0.711111 0.329688 0.716667 0.332422 0.719444 0.332422 0.725000 0.333984 0.730556 0.336328 0.732639 0.336719 0.740278 0.338281 0.740278 0.339062 0.743056 0.337109 0.752083 0.337500 0.779167 0.335938 0.793056 0.333203 0.802083 0.333203 0.813194 0.334766 0.822222 0.339453 0.833333 0.340234 0.843056 0.342187 0.846528 0.343359 0.854167 0.340234 0.861806 0.338672 0.875694 0.334766 0.887500 0.335938 0.891667 0.334375 0.897222 0.334375 0.904861 0.336328 0.911111 0.336328 0.922917 0.332031 0.937500 0.333594 0.940278 0.333594 0.945833 0.335547 0.953472 0.335547 0.981250 0.332031 0.989583 0.330859 0.999306 0.333594 0.997917 0.335547 0.992361 0.339453 0.972222 0.338281 0.965972 0.341016 0.959028 0.339062 0.947917 0.335938 0.941667 0.340234 0.920139 0.341797 0.893056 0.345703 0.881250 0.350000 0.873611 0.350391 0.868750 0.347656 0.862500 0.349219 0.853472 0.346484 0.852083 0.343359 0.844444 0.346484 0.825694 0.344531 0.831250 0.342187 0.833333 0.341016 0.820139 0.338672 0.825694 0.337500 0.823611 0.337109 0.811111 0.335547 0.806944 0.335938 0.803472 0.338281 0.800000 0.338281 0.793056 0.340625 0.788889 0.339062 0.780556 0.343359 0.775694 0.343359 0.770833 0.339844 0.768056 0.339453 0.756250 0.341406 0.752083 0.341406 0.743056 0.344141 0.736806 0.337891 0.729861 0.335547 0.720139 0.335156 0.711806 0.339062 0.702778 0.335547 0.699306 0.333984 0.689583 0.336719 0.685417 0.330469 0.672222 0.330078 0.656944 0.333203 0.645833 0.332813 0.638194 0.333984 0.631944 0.332031 0.628472 0.326953 0.628472 0.326172 0.607639 0.331250 0.600694 0.332031 0.593056 0.329297 0.586806 0.325781 0.584722 0.322656 0.576389 0.324609 0.557639 0.319922 0.542361 0.320703 0.535417 0.319531 0.531250 0.319531 0.518056 0.324219 0.509028 0.324609 0.495139 0.323828 0.488194 0.320703 0.485417 0.320312 0.482639 0.326172 0.469444 0.326562 0.465278 0.329297 0.462500 0.330469 0.464583 0.329688 0.470139 0.337500 0.470833 0.344141 0.475000 0.354297 0.473611 0.359375 0.468750 0.363672 0.468056 0.368750 0.461111 0.373047 0.461111 0.378516 0.456944 0.385156 0.461806 0.385937 0.464583 0.395313 0.463889 0.400391 0.450694 0.401562 0.435417 0.405859 0.420139 0.404687 0.413194 0.407031 0.405556 0.415625 0.390972 0.433594 0.389583 0.435156 0.386111 0.435156 0.377778 0.440625 0.368056 0.444531 0.366667 0.452344 0.350000 0.467187 0.352778 0.474219 0.362500 0.478125 0.362500 0.479297 0.368750 0.483984 0.365278 0.487891 0.365278 0.487891 0.379167 0.491797 0.380556 0.496094 0.371528 0.504297 0.370833 0.504297 0.363889 0.508594 0.360417 0.507031 0.359722
0 0.571875 0.341667 0.563672 0.339583 0.555859 0.334722 0.551953 0.345139 0.542188 0.356250 0.546484 0.357639 0.548828 0.355556 0.550000 0.361806 0.552344 0.363889 0.557422 0.358333 0.558203 0.343750 0.563281 0.343750 0.568359 0.348611 0.571875 0.349306
0 0.308984 0.313889 0.305859 0.320139 0.302344 0.320139 0.298438 0.325694 0.297656 0.330556 0.289844 0.345139 0.288672 0.352083 0.289844 0.356944 0.287891 0.364583 0.280859 0.366667 0.279687 0.368750 0.280078 0.372222 0.290625 0.365972 0.292578 0.359028 0.292187 0.350000 0.299219 0.334028 0.301172 0.333333 0.301172 0.327083 0.302344 0.324306 0.309375 0.320833
0 0.332422 0.293056 0.325391 0.293750 0.324219 0.298611 0.331641 0.296528
0 0.314844 0.257639 0.312109 0.258333 0.310937 0.261111 0.312500 0.269444 0.308984 0.272222 0.307422 0.286806 0.310547 0.282639 0.312109 0.275694 0.317969 0.274306 0.317969 0.272222 0.315234 0.272222 0.312891 0.268750 0.312891 0.263194 0.314844 0.260417
0 0.360547 0.218056 0.356641 0.220833 0.353516 0.233333 0.348438 0.240972 0.348047 0.245139 0.346094 0.247222 0.344141 0.259028 0.339844 0.261111 0.332031 0.276389 0.328125 0.279167 0.324219 0.291667 0.312891 0.299306 0.310156 0.303472 0.309766 0.307639 0.319531 0.300000 0.321875 0.294444 0.329688 0.288194 0.333984 0.281250 0.339062 0.279861 0.339844 0.277778 0.337500 0.275694 0.338672 0.271528 0.347656 0.261111 0.348047 0.252778 0.351172 0.250000 0.351562 0.243750 0.358984 0.227778
0 0.383984 0.155556 0.380078 0.156944 0.378516 0.166667 0.380078 0.176389 0.378906 0.190278 0.373437 0.197222 0.373047 0.206944 0.380859 0.190972 0.380859 0.166667
0 0.380469 0.111111 0.371484 0.121528 0.371094 0.131250 0.368750 0.136806 0.367578 0.145833 0.369922 0.143750 0.372656 0.135417 0.373047 0.125000
0 0.401562 0.035417 0.396094 0.036806 0.394922 0.040278 0.396484 0.040278 0.388281 0.050694 0.386719 0.059028 0.383594 0.065278 0.379688 0.093056 0.379688 0.108333 0.382031 0.106944 0.382422 0.099306 0.385547 0.087500 0.385937 0.069444 0.391797 0.050694
0 0.693750 0.030556 0.690234 0.031944 0.690625 0.042361 0.689453 0.046528 0.682031 0.059722 0.682031 0.076389 0.680078 0.079861 0.672266 0.084722 0.666797 0.084722 0.658594 0.105556 0.644922 0.110417 0.643359 0.113194 0.642969 0.124306 0.641797 0.125000 0.641797 0.138889 0.638672 0.159722 0.636328 0.165278 0.633203 0.165972 0.628125 0.175000 0.624219 0.186806 0.623437 0.197222 0.616016 0.211806 0.609766 0.214583 0.608594 0.230556 0.605859 0.229861 0.602344 0.240278 0.597656 0.246528 0.592187 0.277778 0.581641 0.299306 0.581641 0.304861 0.578906 0.305556 0.577734 0.310417 0.575391 0.311111 0.569531 0.326389 0.570703 0.338889 0.574219 0.336806 0.575000 0.324306 0.582812 0.309722 0.586719 0.297222 0.598047 0.292361 0.596875 0.281250 0.600781 0.273611 0.599219 0.258333 0.601172 0.251389 0.607031 0.245833 0.608594 0.236111 0.611719 0.230556 0.612500 0.221528 0.614453 0.218750 0.617969 0.218056 0.619531 0.214583 0.622266 0.214583 0.625000 0.204861 0.628906 0.197222 0.628906 0.195139 0.627344 0.196528 0.626953 0.193750 0.631250 0.179861 0.638672 0.169444 0.642578 0.168750 0.644531 0.147917 0.644141 0.127083 0.642969 0.125000 0.645703 0.120833 0.646094 0.115278 0.649219 0.112500 0.659375 0.111111 0.662500 0.107639 0.666797 0.090972 0.669141 0.087500 0.674609 0.088889 0.681641 0.085417 0.685937 0.076389 0.684766 0.073611 0.686328 0.059028 0.691406 0.054167 0.692578 0.050000 0.691406 0.047222 0.694141 0.039583 0.692187 0.040278 0.691797 0.035417
0 0.712500 0.024306 0.708984 0.025694 0.705469 0.030556 0.700000 0.030556 0.695312 0.034722 0.706641 0.031250
0 0.364844 0.002778 0.361328 0.002778 0.355469 0.018056 0.349609 0.024306 0.348828 0.045833 0.347266 0.051389 0.347266 0.061111 0.345313 0.066667 0.344922 0.078472 0.345313 0.070833 0.349609 0.061806 0.350391 0.054167 0.352734 0.047917 0.352734 0.036806 0.355078 0.025000 0.359766 0.015278 0.364063 0.010417
0 0.280859 0.002778 0.276562 0.002083 0.273047 0.004167 0.268750 0.018056 0.260547 0.029167 0.256641 0.042361 0.250781 0.047222 0.249219 0.054167 0.246094 0.059722 0.235547 0.062500 0.230078 0.068056 0.226562 0.075000 0.225781 0.081250 0.220703 0.093750 0.219922 0.101389 0.221484 0.101389 0.224609 0.095833 0.226172 0.085417 0.230469 0.074306 0.237500 0.068056 0.246875 0.067361 0.253125 0.055556 0.255078 0.047917 0.268359 0.027778 0.271094 0.017361 0.280078 0.007639
