0 0.602734 0.533333 0.602734 0.542361 0.603906 0.543750 0.618359 0.543750 0.625781 0.548611 0.629687 0.548611 0.630078 0.545139 0.634375 0.545139 0.641797 0.561806 0.660156 0.561806 0.671094 0.570833 0.673438 0.576389 0.681641 0.581250 0.687500 0.581250 0.687500 0.574306 0.685937 0.570139 0.681250 0.565278 0.676953 0.563889 0.667969 0.554167 0.657031 0.554167 0.650391 0.545833 0.641016 0.539583 0.610547 0.538194 0.607812 0.534722
0 0.624609 0.515278 0.619922 0.507639 0.610156 0.508333 0.603516 0.516667 0.599609 0.516667 0.593750 0.511806 0.587109 0.511111 0.586328 0.513194 0.586719 0.515278 0.592187 0.516667 0.596484 0.520833 0.609766 0.521528 0.616406 0.515278
0 0.458594 0.493056 0.458984 0.497917 0.460938 0.499306 0.463672 0.495833 0.471484 0.492361 0.480078 0.494444 0.488281 0.492361 0.491406 0.496528 0.499219 0.497222 0.508984 0.509028 0.529297 0.511806 0.531250 0.515972 0.536719 0.515972 0.541016 0.522222 0.542578 0.521528 0.543750 0.515972 0.549219 0.505556 0.555469 0.504167 0.559766 0.498611 0.573047 0.497222 0.576953 0.492361 0.583984 0.495833 0.587500 0.500000 0.591016 0.497917 0.590625 0.493056 0.583203 0.486111 0.569922 0.486111 0.567187 0.489583 0.557031 0.489583 0.552344 0.496528 0.545312 0.497917 0.543359 0.500000 0.539844 0.510417 0.537109 0.510417 0.532813 0.506944 0.521484 0.504861 0.507422 0.491667 0.478516 0.489583 0.473828 0.486806 0.469531 0.481250 0.467187 0.481250 0.459766 0.487500
0 0.003516 0.585417 0.004687 0.588889 0.011719 0.595139 0.008203 0.595139 0.012500 0.598611 0.030469 0.600000 0.035937 0.593750 0.037891 0.593750 0.040625 0.588889 0.040625 0.581250 0.036719 0.574306 0.036719 0.561806 0.039453 0.552083 0.048828 0.539583 0.054297 0.535417 0.081641 0.535417 0.093359 0.543750 0.101562 0.543750 0.109375 0.536111 0.122266 0.518056 0.128125 0.514583 0.141406 0.514583 0.146094 0.518056 0.176563 0.518056 0.177734 0.515972 0.182031 0.515972 0.186719 0.519444 0.205859 0.520833 0.216406 0.529167 0.227734 0.532639 0.241797 0.532639 0.245312 0.530556 0.259766 0.529167 0.264844 0.535417 0.273438 0.536806 0.284766 0.519444 0.305078 0.509722 0.314844 0.509722 0.323047 0.524306 0.325391 0.524306 0.323437 0.520833 0.323047 0.516667 0.324219 0.515972 0.326172 0.520139 0.335547 0.525694 0.348828 0.524306 0.355078 0.514583 0.380859 0.513194 0.396875 0.534028 0.402344 0.535417 0.403516 0.540972 0.405859 0.543750 0.416016 0.545139 0.421484 0.553472 0.441797 0.551389 0.446484 0.545139 0.450391 0.554861 0.460938 0.572222 0.462109 0.577083 0.466797 0.582639 0.467578 0.588194 0.469531 0.590278 0.470313 0.604861 0.475781 0.613194 0.485938 0.611111 0.491016 0.598611 0.501172 0.598611 0.508594 0.604861 0.511719 0.604861 0.514844 0.608333 0.526563 0.613194 0.541797 0.613194 0.542969 0.611111 0.549219 0.611111 0.553516 0.614583 0.562500 0.614583 0.569922 0.617361 0.574609 0.620833 0.576172 0.625694 0.594531 0.624306 0.589063 0.629167 0.601562 0.625694 0.603125 0.629861 0.609766 0.637500 0.613672 0.637500 0.622266 0.643750 0.653516 0.643750 0.659375 0.651389 0.663672 0.654167 0.665234 0.658333 0.671484 0.659722 0.677344 0.655556 0.686719 0.635417 0.694922 0.634028 0.696875 0.625694 0.703516 0.628472 0.709375 0.623611 0.727734 0.620833 0.735938 0.611111 0.747656 0.609722 0.751953 0.613194 0.758984 0.614583 0.777344 0.614583 0.779297 0.624306 0.789844 0.630556 0.794922 0.630556 0.801562 0.626389 0.809375 0.614583 0.819531 0.610417 0.834375 0.598611 0.846094 0.598611 0.857031 0.609722 0.861328 0.611111 0.879297 0.609722 0.884766 0.604861 0.908594 0.604861 0.922656 0.600000 0.929297 0.595139 0.933984 0.588889 0.937891 0.587500 0.942969 0.577083 0.957812 0.567361 0.966016 0.565972 0.972266 0.569444 0.991016 0.569444 0.994922 0.563194 0.994922 0.553472 0.992578 0.547917 0.947266 0.545833 0.940625 0.549306 0.921094 0.566667 0.908203 0.566667 0.904297 0.573611 0.899609 0.576389 0.885547 0.575000 0.880078 0.584722 0.869922 0.593056 0.863672 0.590972 0.857422 0.581250 0.841797 0.573611 0.831250 0.573611 0.819531 0.584722 0.809766 0.589583 0.794922 0.589583 0.794531 0.586111 0.790234 0.581250 0.783594 0.579861 0.774609 0.581250 0.765625 0.589583 0.750391 0.589583 0.744141 0.584722 0.725391 0.584722 0.716406 0.590972 0.664453 0.589583 0.657422 0.595139 0.657031 0.601389 0.680469 0.601389 0.685937 0.606944 0.690625 0.618750 0.685937 0.620139 0.679297 0.633333 0.673438 0.638194 0.663281 0.628472 0.648047 0.629861 0.638672 0.618750 0.634766 0.618750 0.628125 0.623611 0.615234 0.610417 0.596094 0.602083 0.584375 0.604167 0.582422 0.608333 0.577344 0.602083 0.556641 0.595833 0.554688 0.592361 0.550000 0.589583 0.516406 0.586111 0.498047 0.576389 0.489063 0.576389 0.486719 0.578472 0.475000 0.578472 0.470313 0.576389 0.454688 0.545833 0.448828 0.529861 0.408984 0.528472 0.405859 0.526389 0.403125 0.515278 0.400391 0.513194 0.400391 0.500000 0.403125 0.496528 0.403906 0.491667 0.403125 0.478472 0.353906 0.479861 0.349609 0.484722 0.339062 0.484722 0.335938 0.481250 0.328516 0.479861 0.323437 0.476389 0.307031 0.476389 0.306641 0.486111 0.286328 0.484722 0.284766 0.487500 0.279687 0.488889 0.271875 0.495833 0.260156 0.495833 0.255078 0.490972 0.245703 0.487500 0.237500 0.487500 0.226562 0.492361 0.210547 0.492361 0.201563 0.486111 0.176953 0.484722 0.169922 0.490972 0.158203 0.490972 0.147266 0.487500 0.141406 0.483333 0.122266 0.483333 0.114453 0.492361 0.112109 0.497917 0.100391 0.504167 0.082812 0.505556 0.067969 0.499306 0.051562 0.499306 0.043359 0.506944 0.039062 0.518056 0.036328 0.531250 0.026172 0.558333 0.026172 0.561806 0.021875 0.566667 0.007812 0.570139 0.003516 0.577778
0 0.509766 0.439583 0.502734 0.436111 0.489844 0.436111 0.485547 0.433333 0.478906 0.433333 0.478516 0.437500 0.474609 0.444444 0.458203 0.443056 0.453906 0.449306 0.447266 0.449306 0.444531 0.445833 0.432031 0.447917 0.429297 0.444444 0.422656 0.444444 0.417187 0.457639 0.403906 0.457639 0.401172 0.468056 0.401172 0.472917 0.411328 0.474306 0.408594 0.476389 0.413281 0.479167 0.421094 0.479167 0.426953 0.475000 0.430078 0.468056 0.462891 0.463194 0.464844 0.458333 0.473828 0.458333 0.479297 0.454861 0.485547 0.445139 0.508984 0.447222
0 0.001953 0.428472 0.002734 0.442361 0.035547 0.442361 0.043359 0.440278 0.043750 0.435417 0.052734 0.433333 0.036328 0.433333 0.035156 0.431250 0.030469 0.431250 0.025391 0.425000 0.021094 0.425000 0.017188 0.429861 0.009766 0.433333 0.005469 0.431944 0.005469 0.428472
0 0.067969 0.336111 0.068359 0.340972 0.096875 0.343750 0.102734 0.352083 0.107813 0.354861 0.114844 0.354861 0.116016 0.359722 0.121484 0.368056 0.126562 0.365278 0.130469 0.358333 0.137500 0.356944 0.138672 0.354861 0.187109 0.354861 0.194531 0.352083 0.197266 0.348611 0.195703 0.333333 0.193359 0.334722 0.191406 0.339583 0.180859 0.345833 0.137109 0.344444 0.133594 0.350694 0.125000 0.352778 0.121875 0.355556 0.116797 0.355556 0.114062 0.349306 0.110547 0.347917 0.107031 0.339583 0.098047 0.336806 0.096875 0.334722 0.068750 0.333333
0 0.251953 0.327083 0.218750 0.336111 0.214062 0.344444 0.205859 0.345833 0.205078 0.354861 0.210547 0.354861 0.212109 0.352083 0.217969 0.351389 0.221484 0.345139 0.233594 0.345139 0.233984 0.347222 0.249219 0.348611 0.251953 0.340972
0 0.714063 0.295833 0.715625 0.299306 0.721094 0.300000 0.721484 0.302083 0.719531 0.302778 0.730859 0.307639 0.735938 0.314583 0.744141 0.320833 0.748437 0.320833 0.748828 0.322917 0.759375 0.322917 0.764062 0.319444 0.773047 0.318056 0.781250 0.309722 0.786328 0.306944 0.791797 0.306944 0.795312 0.302083 0.795312 0.294444 0.794141 0.293056 0.778906 0.293056 0.769922 0.297917 0.757422 0.297917 0.753516 0.307639 0.744922 0.307639 0.743359 0.303472 0.729297 0.293056 0.714844 0.293056
0 0.210547 0.293750 0.211719 0.300694 0.217969 0.303472 0.273438 0.304861 0.275000 0.302778 0.273047 0.297917 0.264453 0.294444 0.226562 0.294444 0.216797 0.291667
0 0.004687 0.262500 0.004687 0.288889 0.015234 0.287500 0.023438 0.280556 0.030859 0.280556 0.034375 0.274306 0.039062 0.270833 0.044141 0.270833 0.045703 0.275000 0.048828 0.275694 0.052344 0.280556 0.055859 0.280556 0.060547 0.284028 0.067969 0.284028 0.080469 0.290278 0.099609 0.288889 0.099609 0.284722 0.095703 0.284722 0.090625 0.281250 0.089453 0.278472 0.067969 0.276389 0.060937 0.270139 0.052734 0.267361 0.043359 0.255556 0.030859 0.255556 0.024219 0.266667 0.012891 0.266667
