0 0.415278 0.924609 0.407639 0.930469 0.407639 0.939063 0.405556 0.941016 0.407639 0.945703 0.400694 0.953516 0.400694 0.959375 0.406250 0.962500 0.413194 0.953906 0.413194 0.946875 0.421528 0.943750 0.421528 0.932031
0 0.425694 0.897656 0.422222 0.899219 0.422917 0.904687 0.428472 0.906250 0.429167 0.908594 0.425694 0.926172 0.426389 0.930078 0.430556 0.934766 0.430556 0.918359 0.434028 0.913281 0.433333 0.903125 0.437500 0.901953 0.439583 0.899609 0.428472 0.899609
0 0.490972 0.841016 0.482639 0.842969 0.484722 0.846094 0.477083 0.851562 0.484028 0.858594 0.484028 0.863672 0.486806 0.867578 0.479861 0.875391 0.476389 0.887500 0.479861 0.886328 0.480556 0.879687 0.482639 0.876953 0.486806 0.875391 0.487500 0.870313 0.490972 0.866016 0.490278 0.859375 0.482639 0.854297 0.482639 0.852734 0.489583 0.848828
0 0.272917 0.798438 0.264583 0.799609 0.253472 0.796875 0.250694 0.794922 0.242361 0.801953 0.242361 0.805469 0.247222 0.807813 0.247222 0.809766 0.237500 0.815625 0.237500 0.823438 0.231250 0.828125 0.225694 0.842187 0.220139 0.846094 0.218056 0.854297 0.220139 0.860156 0.215278 0.860547 0.212500 0.866016 0.213194 0.872266 0.222222 0.877344 0.222222 0.881641 0.218750 0.884766 0.209028 0.886719 0.197222 0.895703 0.197222 0.902344 0.193056 0.907422 0.192361 0.921875 0.184028 0.925000 0.174306 0.924609 0.170139 0.922266 0.161111 0.923047 0.151389 0.926953 0.146528 0.933203 0.143056 0.934766 0.134028 0.932031 0.124306 0.932031 0.120139 0.935156 0.119444 0.942187 0.106250 0.944922 0.095833 0.952734 0.089583 0.955078 0.067361 0.955078 0.056250 0.948047 0.054167 0.953125 0.039583 0.950781 0.038194 0.952344 0.024306 0.956250 0.007639 0.958594 0.000000 0.961719 0.000000 0.967187 0.011806 0.972266 0.025694 0.971875 0.045833 0.966016 0.058333 0.969531 0.063194 0.972656 0.065278 0.976562 0.068056 0.999609 0.075694 0.999219 0.079167 0.983594 0.085417 0.975781 0.096528 0.968359 0.103472 0.965625 0.120139 0.963672 0.123611 0.962109 0.125694 0.958594 0.150694 0.955078 0.161806 0.945703 0.161806 0.941016 0.163889 0.939063 0.170139 0.938672 0.177778 0.934375 0.190972 0.930469 0.209722 0.921875 0.214583 0.916016 0.214583 0.906250 0.216667 0.902344 0.235417 0.890234 0.235417 0.862109 0.240972 0.859375 0.243056 0.850391 0.248611 0.846094 0.248611 0.837109 0.255556 0.832031 0.253472 0.825391 0.260417 0.818359 0.259722 0.813281 0.272917 0.800781
0 0.325000 0.756250 0.318056 0.756250 0.309722 0.759766 0.303472 0.759766 0.294444 0.755469 0.291667 0.765625 0.283333 0.773047 0.275694 0.786328 0.266667 0.794531 0.282639 0.793750 0.289583 0.787109 0.293056 0.786328 0.293750 0.782031 0.296528 0.780078 0.312500 0.777734 0.312500 0.775391 0.325694 0.768359
0 0.465278 0.737500 0.465278 0.742188 0.468056 0.743359 0.475000 0.743359 0.478472 0.746484 0.475694 0.751953 0.476389 0.757422 0.486111 0.757031 0.489583 0.759375 0.488194 0.769531 0.490278 0.776953 0.484722 0.782031 0.484028 0.785156 0.486111 0.785547 0.482639 0.791406 0.488194 0.793750 0.488889 0.801172 0.495833 0.805078 0.495833 0.821484 0.491667 0.823438 0.486806 0.837109 0.493056 0.831641 0.500000 0.830078 0.502083 0.823828 0.497222 0.810937 0.498611 0.803125 0.491667 0.794531 0.494444 0.791406 0.493750 0.785547 0.495833 0.782813 0.493750 0.778516 0.496528 0.771875 0.493056 0.768359 0.495833 0.756641 0.493056 0.750781 0.479861 0.744531 0.470833 0.737891
0 0.452083 0.720313 0.446528 0.726562 0.438889 0.726953 0.406250 0.736719 0.395139 0.737109 0.384028 0.744141 0.368056 0.748047 0.361111 0.753516 0.356944 0.760547 0.349306 0.764844 0.343056 0.771484 0.343056 0.773828 0.360417 0.763672 0.378472 0.758594 0.394444 0.758594 0.402083 0.757422 0.410417 0.750781 0.410417 0.749609 0.400694 0.749609 0.397917 0.748047 0.399306 0.742578 0.404167 0.739062 0.429167 0.739062 0.452778 0.734375
0 0.497917 0.642188 0.495833 0.646094 0.485417 0.650000 0.475000 0.651563 0.475694 0.654687 0.485417 0.658594 0.488889 0.669141 0.483333 0.670312 0.488194 0.673828 0.486806 0.678125 0.490278 0.681641 0.473611 0.689844 0.474306 0.694922 0.468750 0.696875 0.470833 0.703516 0.463194 0.705469 0.462500 0.711328 0.457639 0.714063 0.454167 0.719922 0.454861 0.731641 0.463194 0.729297 0.466667 0.730469 0.475000 0.722656 0.477778 0.717187 0.484028 0.711719 0.484722 0.698438 0.488194 0.697266 0.488889 0.701562 0.491667 0.694531 0.497917 0.689063 0.499306 0.678516 0.496528 0.675391 0.491667 0.673828 0.493056 0.667188 0.497917 0.663672 0.498611 0.660937 0.496528 0.663672 0.493056 0.663672 0.493056 0.652734 0.490972 0.650781 0.491667 0.648828 0.502083 0.645703
0 0.566667 0.585547 0.557639 0.593750 0.548611 0.594531 0.545833 0.592187 0.541667 0.594922 0.546528 0.600781 0.550000 0.611328 0.554861 0.613672 0.556944 0.617188 0.559028 0.613281 0.565278 0.610156 0.559028 0.605078 0.561111 0.601172 0.568750 0.601953 0.572222 0.596094 0.570833 0.590625
0 0.554167 0.462109 0.552083 0.463672 0.552083 0.467969 0.547917 0.472656 0.538194 0.471875 0.538194 0.477734 0.527083 0.485938 0.527778 0.487109 0.536806 0.486328 0.542361 0.483984 0.543750 0.486719 0.543750 0.476562 0.554861 0.474609 0.562500 0.471484 0.563889 0.474609 0.569444 0.478125 0.568750 0.483203 0.556250 0.491406 0.552778 0.491797 0.546528 0.489453 0.550000 0.492578 0.554167 0.492578 0.556250 0.494141 0.569444 0.494141 0.571528 0.490234 0.578472 0.487500 0.578472 0.485156 0.574306 0.483203 0.575000 0.480469 0.565278 0.472656 0.565972 0.467969 0.562500 0.466016 0.561806 0.461328
0 0.536806 0.405078 0.532639 0.407422 0.531250 0.410938 0.534722 0.413672 0.540278 0.426172 0.540278 0.434766 0.553472 0.457422 0.561111 0.446484 0.561806 0.440234 0.564583 0.437109 0.563194 0.416406 0.554167 0.408594 0.538194 0.406641
0 0.559722 0.376953 0.552778 0.386328 0.540972 0.388281 0.548611 0.392578 0.559722 0.392969 0.563194 0.390625 0.563194 0.386719 0.561111 0.389844 0.554167 0.388281 0.554167 0.386719 0.564583 0.380469
0 0.513194 0.357812 0.504167 0.365234 0.502778 0.372656 0.511806 0.381250 0.520833 0.384375 0.519444 0.393359 0.521528 0.395313 0.529861 0.396875 0.529861 0.392578 0.532639 0.392188 0.534722 0.386719 0.531250 0.385547 0.523611 0.386719 0.522917 0.382031 0.518750 0.380469 0.518056 0.376563 0.509722 0.373437 0.507639 0.366797 0.513889 0.363281
0 0.575694 0.351562 0.570139 0.352734 0.563889 0.357031 0.559028 0.366797 0.567361 0.378516 0.574306 0.377734 0.575000 0.373047 0.569444 0.364453 0.572917 0.363672 0.577083 0.359766 0.578472 0.355469
0 0.617361 0.329688 0.611806 0.331641 0.605556 0.331641 0.607639 0.337109 0.603472 0.338672 0.598611 0.338672 0.596528 0.341797 0.591667 0.343359 0.593056 0.352734 0.585417 0.356250 0.595139 0.355469 0.598611 0.348828 0.599306 0.341016 0.602778 0.339062 0.611111 0.337891 0.609028 0.333984 0.618056 0.332031
0 0.528472 0.146484 0.526389 0.149609 0.516667 0.154688 0.514583 0.158203 0.514583 0.165625 0.517361 0.168359 0.514583 0.187500 0.517361 0.190234 0.516667 0.200391 0.524306 0.206641 0.527778 0.214062 0.523611 0.228906 0.533333 0.234766 0.533333 0.238281 0.524306 0.239453 0.519444 0.244531 0.521528 0.246875 0.527778 0.246094 0.531250 0.243750 0.543056 0.243750 0.543056 0.240625 0.538194 0.236719 0.538889 0.226562 0.536806 0.224219 0.536806 0.217188 0.530556 0.209375 0.529167 0.198828 0.523611 0.192578 0.522917 0.187891 0.525694 0.183594 0.534028 0.177734 0.534028 0.173828 0.538889 0.167969 0.543750 0.156250 0.532639 0.150781
0 0.554861 0.050781 0.536806 0.055859 0.531250 0.066797 0.527778 0.091797 0.529861 0.127344 0.524306 0.133594 0.524306 0.142969 0.526389 0.145703 0.530556 0.145703 0.536806 0.137500 0.543056 0.132812 0.543750 0.121094 0.550000 0.115234 0.547222 0.096875 0.540278 0.088672 0.539583 0.080078 0.552778 0.063672 0.554167 0.054297 0.552083 0.052344
0 0.537500 0.000781 0.533333 0.000781 0.528472 0.003906 0.532639 0.010156 0.529167 0.019922 0.535417 0.021094 0.529167 0.024219 0.524306 0.028906 0.526389 0.041406 0.529861 0.044531 0.532639 0.039844 0.529167 0.030859 0.536806 0.026953 0.537500 0.019141 0.544444 0.017188 0.540972 0.010547 0.543056 0.009375 0.542361 0.003516
