0 0.964453 0.654167 0.967578 0.659722 0.969141 0.668750 0.970703 0.670833 0.970703 0.690972 0.973828 0.696528 0.981250 0.700694 0.983594 0.712500 0.989844 0.725000 0.992188 0.736806 0.996484 0.745139 0.996875 0.727778 0.994922 0.727083 0.992578 0.715972 0.990625 0.715972 0.985156 0.702778 0.984375 0.695139 0.983203 0.694444 0.983203 0.674306 0.984375 0.668750 0.976953 0.661111
0 0.814844 0.630556 0.816797 0.629861 0.816797 0.626389 0.819922 0.626389 0.820703 0.623611 0.821094 0.625694 0.822656 0.624306 0.822656 0.626389 0.823828 0.624306 0.817969 0.623611
0 0.051172 0.587500 0.049609 0.587500 0.041016 0.598611 0.035937 0.609028 0.040625 0.607639 0.044922 0.602083 0.051172 0.590278
0 0.000391 0.583333 0.000391 0.602083 0.001563 0.602778 0.001563 0.611111 0.009375 0.611111 0.012891 0.609028 0.013281 0.602778 0.022266 0.606944 0.023828 0.611111 0.023828 0.616667 0.027344 0.611111 0.032813 0.609028 0.025781 0.606250 0.020703 0.600694 0.019531 0.596528 0.012109 0.598611 0.011328 0.602083 0.013281 0.602778 0.009375 0.602778 0.007031 0.608333 0.003125 0.597917 0.003125 0.585417 0.001172 0.583333 0.004297 0.582639 0.004297 0.578472 0.002734 0.576389 0.001563 0.582639
0 0.091797 0.570139 0.086719 0.575694 0.084375 0.581250 0.077344 0.583333 0.076953 0.577778 0.078125 0.577083 0.078906 0.566667 0.076953 0.572222 0.075000 0.572222 0.073828 0.575694 0.071094 0.575694 0.067578 0.579861 0.058984 0.581250 0.052734 0.586806 0.085547 0.586806 0.086719 0.582639 0.089844 0.579167
0 0.999609 0.562500 0.994141 0.564583 0.990625 0.570139 0.988672 0.570139 0.987500 0.574306 0.983594 0.575694 0.980078 0.581250 0.971875 0.581250 0.961719 0.587500 0.922656 0.588889 0.920703 0.590972 0.913672 0.590972 0.910547 0.595139 0.906250 0.595139 0.900000 0.598611 0.893750 0.606250 0.893750 0.609028 0.890234 0.613889 0.874219 0.613889 0.867188 0.617361 0.862500 0.623611 0.857422 0.625000 0.857031 0.627083 0.846875 0.623611 0.826953 0.623611 0.826172 0.625694 0.828906 0.625000 0.828516 0.629861 0.825391 0.633333 0.825000 0.629167 0.823438 0.634028 0.849609 0.631944 0.855078 0.639583 0.863672 0.639583 0.866016 0.636111 0.867969 0.636111 0.869141 0.631944 0.871484 0.631944 0.876563 0.626389 0.891797 0.624306 0.900391 0.611111 0.902344 0.611111 0.907422 0.605556 0.925391 0.602083 0.925781 0.600000 0.945312 0.600000 0.952734 0.601389 0.956641 0.605556 0.962891 0.605556 0.965234 0.600000 0.968359 0.597917 0.968750 0.594444 0.974609 0.592361 0.975000 0.590278 0.979688 0.586806 0.983203 0.586806 0.991016 0.580556 0.999219 0.569444
0 0.083984 0.563889 0.091406 0.567361 0.104688 0.567361 0.105859 0.563889 0.109766 0.562500 0.084766 0.560417
0 0.189453 0.552778 0.193359 0.549306 0.190625 0.549306
0 0.803516 0.541667 0.805078 0.543056 0.803906 0.543750 0.806250 0.543056 0.807813 0.545139 0.805469 0.541667
0 0.800000 0.536806 0.800000 0.540972 0.801953 0.543056 0.801172 0.541667 0.802734 0.539583
0 0.116797 0.558333 0.129297 0.552778 0.132422 0.548611 0.132422 0.545833 0.135156 0.540972 0.142187 0.540972 0.149609 0.546528 0.153906 0.546528 0.165625 0.559722 0.180469 0.559722 0.183594 0.558333 0.183984 0.556250 0.186719 0.556250 0.187500 0.553472 0.175391 0.553472 0.175000 0.551389 0.172266 0.551389 0.167578 0.543750 0.158984 0.538194 0.154297 0.538194 0.153125 0.536111 0.135156 0.536111 0.134766 0.538194 0.125391 0.539583 0.124219 0.545139 0.119141 0.550694 0.119141 0.554167 0.117578 0.554861
0 0.149609 0.415278 0.148828 0.421528 0.153125 0.421528
0 0.392578 0.390278 0.372656 0.388194 0.370703 0.386111 0.353516 0.386111 0.351562 0.388194 0.346094 0.388194 0.338672 0.395833 0.334375 0.395833 0.333203 0.399306 0.299219 0.399306 0.298047 0.397222 0.281250 0.395833 0.272656 0.408333 0.271094 0.414583 0.264844 0.418750 0.222656 0.418750 0.220312 0.414583 0.214062 0.412500 0.209375 0.403472 0.180469 0.401389 0.178516 0.404861 0.169141 0.409028 0.162109 0.418056 0.171875 0.415972 0.172266 0.413889 0.207422 0.413889 0.208594 0.415972 0.211328 0.415972 0.211719 0.418056 0.221094 0.419444 0.223047 0.422222 0.229687 0.425000 0.230078 0.427083 0.245703 0.429167 0.247656 0.432639 0.260156 0.432639 0.271484 0.425000 0.275391 0.425000 0.278516 0.421528 0.279687 0.415972 0.282813 0.415972 0.283203 0.418056 0.286719 0.420139 0.289844 0.429167 0.302734 0.429167 0.306250 0.423611 0.305859 0.427083 0.302344 0.433333 0.301953 0.437500 0.304297 0.431250 0.305469 0.434028 0.303125 0.440278 0.294141 0.439583 0.290234 0.431944 0.289453 0.435417 0.287500 0.434028 0.291406 0.438889 0.288672 0.440278 0.304688 0.440278 0.308594 0.436806 0.304297 0.437500 0.306250 0.433333 0.305078 0.431944 0.307031 0.431250 0.307812 0.433333 0.307422 0.431250 0.308594 0.429861 0.306250 0.423611 0.305859 0.408333 0.317188 0.408333 0.317578 0.404167 0.340625 0.402778 0.342969 0.398611 0.360938 0.398611 0.362109 0.396528 0.375781 0.395139 0.376172 0.393056 0.380078 0.393056 0.380469 0.390972
0 0.413281 0.378472 0.407031 0.378472 0.400000 0.385417 0.407813 0.379861
0 0.414453 0.376389 0.427344 0.377778 0.430078 0.374306 0.437891 0.374306 0.439844 0.372222 0.468750 0.372222 0.469922 0.374306 0.473047 0.374306 0.477734 0.384028 0.478516 0.389583 0.480859 0.391667 0.480859 0.395139 0.494531 0.421528 0.499219 0.423611 0.501953 0.429167 0.505469 0.429167 0.511328 0.436111 0.512891 0.444444 0.514453 0.444444 0.515234 0.448611 0.523047 0.453472 0.523438 0.455556 0.529687 0.455556 0.530859 0.459722 0.533203 0.459722 0.537500 0.465278 0.543359 0.468750 0.555469 0.468750 0.557422 0.470833 0.575391 0.474306 0.577734 0.478472 0.592578 0.478472 0.592969 0.480556 0.598047 0.481944 0.600391 0.488194 0.606641 0.493750 0.611328 0.493750 0.616016 0.497222 0.616406 0.499306 0.619141 0.499306 0.623828 0.509028 0.650391 0.512500 0.664062 0.522222 0.681250 0.522222 0.683203 0.520139 0.687891 0.520139 0.690625 0.516667 0.694922 0.516667 0.695312 0.514583 0.700391 0.514583 0.703906 0.510417 0.717187 0.509028 0.721094 0.502778 0.725000 0.501389 0.727344 0.497222 0.750391 0.497222 0.753906 0.502778 0.767578 0.506944 0.771094 0.512500 0.781250 0.516667 0.786719 0.522222 0.787891 0.525694 0.798438 0.527778 0.798828 0.529861 0.802734 0.531250 0.808984 0.537500 0.808594 0.542361 0.810156 0.545139 0.813672 0.545139 0.818750 0.548611 0.819141 0.550694 0.822266 0.550694 0.827734 0.559722 0.833594 0.561806 0.832812 0.556944 0.829297 0.550694 0.828516 0.543750 0.818750 0.526389 0.810547 0.526389 0.805859 0.518750 0.799219 0.514583 0.797656 0.511111 0.778125 0.511111 0.776172 0.507639 0.768750 0.505556 0.765234 0.501389 0.763672 0.494444 0.760938 0.493750 0.760938 0.490278 0.757031 0.482639 0.745313 0.482639 0.744141 0.484722 0.739844 0.484722 0.731641 0.490278 0.728906 0.496528 0.723828 0.497917 0.721875 0.502083 0.710156 0.503472 0.704688 0.509722 0.700391 0.511111 0.687891 0.511111 0.685547 0.515278 0.666406 0.513194 0.666016 0.511111 0.652734 0.509722 0.651563 0.507639 0.635547 0.507639 0.629687 0.497917 0.621484 0.488889 0.620313 0.482639 0.617578 0.481250 0.612891 0.469444 0.577734 0.471528 0.577344 0.469444 0.567578 0.465972 0.559766 0.465972 0.553125 0.461806 0.546875 0.461806 0.535156 0.452778 0.534766 0.450694 0.528906 0.450694 0.526172 0.444444 0.526172 0.439583 0.524219 0.436806 0.524219 0.433333 0.520312 0.431944 0.518750 0.429167 0.518750 0.425694 0.516797 0.423611 0.516797 0.420139 0.504297 0.411111 0.503906 0.406944 0.498828 0.403472 0.497656 0.399306 0.490625 0.390972 0.487891 0.384028 0.485938 0.384028 0.483594 0.378472 0.482031 0.378472 0.477344 0.372917 0.476172 0.368750 0.473047 0.366667 0.473438 0.362500 0.478125 0.359722 0.473438 0.359722 0.473047 0.363194 0.437891 0.363194 0.435547 0.367361 0.431641 0.367361 0.420703 0.375000
