0 0.666797 0.811806 0.665625 0.812500 0.665625 0.816667 0.661719 0.822917 0.661719 0.826389 0.659766 0.827083 0.661719 0.829167 0.663281 0.840278 0.662109 0.843056 0.665625 0.847917 0.668359 0.859028 0.674219 0.865972 0.674219 0.870833 0.675781 0.874306 0.675391 0.881944 0.678125 0.888194 0.677344 0.909722 0.674219 0.918750 0.673438 0.938194 0.671875 0.940972 0.673828 0.945139 0.672656 0.951389 0.674219 0.954861 0.667578 0.961806 0.667578 0.965278 0.670312 0.968750 0.675781 0.970833 0.675781 0.977083 0.674219 0.979167 0.670312 0.979167 0.669531 0.988889 0.675391 0.993056 0.677734 0.999306 0.688281 0.999306 0.687109 0.983333 0.689844 0.979861 0.685937 0.972917 0.685156 0.975000 0.682422 0.974306 0.682813 0.968750 0.679688 0.961111 0.680078 0.958333 0.686719 0.956250 0.686328 0.942361 0.684766 0.936806 0.685937 0.909028 0.684766 0.899306 0.681641 0.892361 0.681641 0.888194 0.683203 0.884722 0.680859 0.872917 0.682031 0.870833 0.685156 0.871528 0.687891 0.868056 0.685156 0.863194 0.684766 0.855556 0.676953 0.853472 0.674219 0.849306 0.675781 0.842361 0.674609 0.834028 0.678516 0.831944 0.675391 0.814583 0.671875 0.813194 0.671484 0.818056 0.668750 0.818056 0.665625 0.813889
0 0.638281 0.787500 0.645703 0.792361 0.649609 0.786806 0.661719 0.788889 0.662109 0.794444 0.664844 0.804167 0.666406 0.805556 0.666016 0.808333 0.668750 0.809028 0.667969 0.811111 0.671484 0.808333 0.670312 0.804861 0.671094 0.796528 0.675781 0.797222 0.679688 0.792361 0.676953 0.786111 0.678906 0.776389 0.682422 0.777083 0.685547 0.782639 0.689844 0.786111 0.691016 0.779167 0.694922 0.776389 0.696875 0.770833 0.708203 0.772222 0.712891 0.764583 0.712500 0.757639 0.715625 0.748611 0.715234 0.745139 0.717187 0.742361 0.725000 0.742361 0.726172 0.744444 0.727734 0.737500 0.732031 0.734722 0.734375 0.725694 0.737891 0.731250 0.749219 0.731944 0.752344 0.736111 0.751953 0.743750 0.760156 0.745139 0.767969 0.742361 0.766406 0.739583 0.758594 0.743056 0.754297 0.740278 0.755469 0.731944 0.758203 0.727083 0.758203 0.722222 0.762109 0.719444 0.769531 0.728472 0.769141 0.743750 0.770312 0.743750 0.772266 0.738194 0.773828 0.738194 0.776563 0.731944 0.783203 0.735417 0.780469 0.741667 0.780859 0.743750 0.783984 0.741667 0.790234 0.741667 0.792969 0.743750 0.798047 0.736806 0.804297 0.733333 0.806250 0.729167 0.812891 0.727778 0.816016 0.723611 0.820312 0.724306 0.821875 0.727083 0.839844 0.723611 0.839453 0.728472 0.841797 0.731250 0.843750 0.728472 0.852734 0.726389 0.857031 0.719444 0.861719 0.720139 0.865234 0.715278 0.871484 0.715278 0.873437 0.719444 0.882812 0.713194 0.887891 0.715278 0.895312 0.697917 0.903516 0.700694 0.905859 0.697222 0.910937 0.700694 0.910937 0.697222 0.914062 0.695139 0.916797 0.688889 0.921094 0.686806 0.925781 0.688889 0.927734 0.683333 0.931641 0.685417 0.945703 0.686111 0.945703 0.682639 0.951953 0.675000 0.954688 0.663889 0.960547 0.654861 0.966016 0.652778 0.968750 0.648611 0.977344 0.649306 0.980078 0.653472 0.985938 0.651389 0.991406 0.643056 0.994141 0.631944 0.999609 0.623611 0.995703 0.625694 0.992578 0.635417 0.990234 0.638194 0.990234 0.642361 0.985547 0.647917 0.969922 0.640278 0.959375 0.644444 0.957422 0.650000 0.956641 0.658333 0.951562 0.656944 0.950391 0.672222 0.946875 0.676389 0.937500 0.674306 0.933984 0.679167 0.929688 0.678472 0.926562 0.682639 0.917578 0.682639 0.912891 0.689583 0.911328 0.689583 0.909766 0.693750 0.906250 0.694444 0.905078 0.690972 0.903125 0.690972 0.901953 0.693750 0.895703 0.694444 0.894922 0.688889 0.892188 0.688889 0.886719 0.676389 0.878125 0.679861 0.874609 0.686806 0.877344 0.708333 0.875781 0.709722 0.876563 0.714583 0.874219 0.718056 0.869922 0.713194 0.862891 0.711111 0.858594 0.706250 0.852344 0.708333 0.850000 0.706944 0.847266 0.701389 0.845703 0.701389 0.849219 0.715972 0.846484 0.713889 0.847266 0.717361 0.844922 0.722222 0.840234 0.724306 0.837109 0.712500 0.832812 0.709722 0.829297 0.717361 0.816406 0.720139 0.809375 0.718750 0.801562 0.728472 0.798828 0.724306 0.794922 0.722917 0.795312 0.732639 0.792188 0.733333 0.792188 0.735417 0.785937 0.730556 0.782813 0.724306 0.780078 0.724306 0.776172 0.715278 0.773828 0.718750 0.770703 0.718750 0.764453 0.713889 0.760938 0.719444 0.758203 0.719444 0.757422 0.723611 0.753906 0.728472 0.739453 0.726389 0.736719 0.718750 0.732422 0.715278 0.731250 0.709722 0.728516 0.711806 0.723047 0.704861 0.709375 0.701389 0.700781 0.704167 0.695703 0.695139 0.685156 0.696528 0.683203 0.694444 0.683594 0.689583 0.681641 0.685417 0.682813 0.678472 0.682031 0.670139 0.679688 0.661806 0.676172 0.662500 0.675781 0.664583 0.675391 0.660417 0.678906 0.660417 0.680859 0.656944 0.682422 0.647222 0.687109 0.645833 0.691016 0.626389 0.688672 0.626389 0.685156 0.631944 0.681250 0.631944 0.680469 0.616667 0.678516 0.611806 0.678125 0.604861 0.674609 0.609722 0.674609 0.605556 0.671484 0.601389 0.671484 0.595139 0.678516 0.588889 0.680469 0.580556 0.675000 0.579167 0.669922 0.564583 0.671484 0.559722 0.670312 0.546528 0.676172 0.542361 0.675000 0.534028 0.680859 0.522917 0.680469 0.507639 0.681641 0.503472 0.678906 0.501389 0.680859 0.506944 0.677344 0.510417 0.678125 0.517361 0.672656 0.524306 0.668359 0.541667 0.665625 0.541667 0.664844 0.536806 0.662109 0.538194 0.663281 0.546528 0.660937 0.547222 0.660547 0.550694 0.663281 0.556250 0.665234 0.556250 0.667188 0.563889 0.665234 0.568750 0.665234 0.575000 0.662500 0.578472 0.662109 0.585417 0.659766 0.586111 0.661719 0.590278 0.661719 0.596528 0.658984 0.604167 0.662891 0.620139 0.664844 0.620139 0.665625 0.615278 0.667969 0.611806 0.669922 0.613194 0.670312 0.617361 0.673438 0.618750 0.675781 0.627083 0.672266 0.627083 0.671875 0.630556 0.676562 0.632639 0.678906 0.636806 0.678125 0.639583 0.676172 0.639583 0.678125 0.650000 0.676172 0.654861 0.670312 0.652083 0.667969 0.647917 0.664453 0.645833 0.664844 0.637500 0.662891 0.635417 0.664453 0.631250 0.664453 0.622917 0.659766 0.628472 0.660156 0.631944 0.655859 0.636806 0.657031 0.660417 0.660156 0.660417 0.660937 0.663889 0.675391 0.664583 0.677344 0.669444 0.679688 0.670139 0.680859 0.681250 0.677344 0.684722 0.677344 0.690278 0.673438 0.690278 0.673438 0.694444 0.671484 0.696528 0.670312 0.734028 0.664062 0.738194 0.661719 0.737500 0.669141 0.747917 0.667578 0.762500 0.664844 0.769444 0.658594 0.770139 0.655469 0.773611 0.651172 0.772222 0.649219 0.777083 0.645703 0.777083 0.647656 0.777778 0.647656 0.782639 0.642578 0.784028 0.639062 0.781944
0 0.671875 0.500000 0.670312 0.498611 0.667578 0.502778 0.670312 0.504167
0 0.083203 0.456944 0.080859 0.453472 0.078516 0.453472 0.077734 0.456250 0.068750 0.463194 0.057813 0.463194 0.057422 0.469444 0.055078 0.470833 0.053125 0.477083 0.049609 0.477778 0.048438 0.487500 0.045312 0.481944 0.042969 0.481944 0.042188 0.485417 0.037891 0.486111 0.035937 0.488889 0.032031 0.483333 0.023047 0.484028 0.020703 0.481944 0.017578 0.485417 0.012891 0.486806 0.010547 0.493056 0.012500 0.496528 0.015625 0.492361 0.026953 0.493056 0.030469 0.490972 0.034375 0.500000 0.037500 0.501389 0.042188 0.489583 0.051172 0.489583 0.051562 0.484028 0.057031 0.476389 0.058984 0.476389 0.059375 0.479167 0.065234 0.477083 0.066406 0.471528 0.070703 0.471528 0.074609 0.463889 0.079297 0.467361 0.083984 0.462500
0 0.083984 0.455556 0.085156 0.461111 0.087891 0.462500 0.091406 0.470833 0.093750 0.465972 0.095312 0.465972 0.096875 0.461111 0.099219 0.460417 0.100781 0.463194 0.102344 0.460417 0.105078 0.460417 0.107031 0.454861 0.110547 0.453472 0.111328 0.450694 0.115625 0.450694 0.119922 0.454167 0.126172 0.451389 0.130859 0.455556 0.141016 0.454167 0.144141 0.456250 0.145313 0.454167 0.148047 0.457639 0.150781 0.457639 0.154297 0.468750 0.157031 0.468750 0.157812 0.464583 0.169141 0.465972 0.170313 0.463194 0.171875 0.463889 0.172656 0.460417 0.174609 0.461806 0.174609 0.459028 0.176563 0.457639 0.176953 0.459722 0.178516 0.457639 0.181250 0.460417 0.186719 0.460417 0.189453 0.457639 0.192188 0.461806 0.195703 0.462500 0.199609 0.466667 0.199219 0.463889 0.201172 0.460417 0.214062 0.463194 0.217578 0.459028 0.219141 0.462500 0.221484 0.463194 0.218750 0.455556 0.219531 0.447917 0.217188 0.452083 0.217578 0.456250 0.212109 0.452083 0.202344 0.450000 0.199219 0.451389 0.192188 0.445833 0.190625 0.447917 0.187109 0.446528 0.188281 0.451389 0.184375 0.456250 0.174219 0.458333 0.170313 0.454861 0.167187 0.459722 0.160156 0.459722 0.154297 0.455556 0.146875 0.443056 0.141406 0.445833 0.137109 0.452083 0.132031 0.449306 0.129297 0.445139 0.128516 0.437500 0.125000 0.438194 0.123047 0.444444 0.112500 0.444444 0.109375 0.449306 0.101562 0.450694 0.097656 0.443750 0.098828 0.438194 0.098047 0.435417 0.094922 0.437500 0.095703 0.444444 0.097656 0.447917 0.097266 0.455556
0 0.615234 0.411806 0.623828 0.427083 0.623047 0.435417 0.619141 0.441667 0.619531 0.443750 0.625781 0.443750 0.627344 0.440278 0.630078 0.440278 0.631641 0.437500 0.636719 0.446528 0.637891 0.456250 0.642969 0.454167 0.645703 0.450000 0.643750 0.442361 0.640234 0.441667 0.638281 0.434722 0.632812 0.429167 0.630469 0.429167 0.626953 0.423611 0.623437 0.421528 0.619922 0.414583
0 0.553906 0.394444 0.540625 0.395139 0.539844 0.398611 0.538281 0.396528 0.528906 0.398611 0.527734 0.396528 0.521875 0.395833 0.523047 0.400000 0.527344 0.402083 0.539062 0.403472 0.544141 0.400000 0.549219 0.406250 0.551953 0.404861 0.551953 0.400694 0.549219 0.401389 0.549609 0.397917 0.553125 0.399306
0 0.522266 0.393056 0.517969 0.385417 0.506641 0.390278 0.517969 0.395833 0.521094 0.395833
0 0.553516 0.401389 0.554688 0.410417 0.556250 0.410417 0.557813 0.414583 0.559375 0.410417 0.561719 0.411111 0.564063 0.416667 0.567578 0.417361 0.568750 0.413889 0.574609 0.411806 0.576953 0.408333 0.583594 0.407639 0.586328 0.402778 0.586719 0.408333 0.589453 0.411806 0.591406 0.411806 0.595703 0.406250 0.597656 0.409028 0.605078 0.407639 0.606641 0.409722 0.607031 0.414583 0.610938 0.413889 0.613672 0.416667 0.614844 0.414583 0.613281 0.411806 0.612109 0.414583 0.609766 0.405556 0.603906 0.401389 0.603125 0.396528 0.604688 0.392361 0.600391 0.392361 0.596484 0.388889 0.594141 0.390278 0.589063 0.380556 0.585938 0.380556 0.585156 0.384028 0.582031 0.386111 0.581250 0.378472 0.577734 0.373611 0.575391 0.377083 0.571484 0.378472 0.570312 0.382639 0.574219 0.393056 0.572656 0.398611 0.565234 0.399306 0.557422 0.406250 0.555078 0.400694
0 0.438281 0.371528 0.438672 0.375694 0.442188 0.379167 0.444922 0.377083 0.451953 0.377083 0.451953 0.387500 0.457422 0.386806 0.457422 0.389583 0.455078 0.391667 0.455859 0.395833 0.458594 0.396528 0.458594 0.393056 0.465234 0.384028 0.469922 0.385417 0.472656 0.381944 0.476172 0.387500 0.482422 0.390972 0.483203 0.399306 0.486328 0.400000 0.488672 0.403472 0.494922 0.403472 0.494141 0.397917 0.496484 0.389583 0.505859 0.390972 0.505078 0.381250 0.495703 0.384722 0.492578 0.379167 0.489844 0.379167 0.487891 0.382639 0.483594 0.384028 0.479297 0.382639 0.476562 0.379167 0.464453 0.376389 0.463281 0.375000 0.462891 0.368056 0.462109 0.373611 0.458594 0.377778 0.456250 0.377083 0.452734 0.371528 0.445703 0.368056 0.446094 0.365278
0 0.999219 0.210417 0.996875 0.218750 0.996875 0.226389 0.999219 0.229167 0.996484 0.231250 0.998047 0.238889 0.993750 0.251389 0.983594 0.252778 0.981641 0.256250 0.996094 0.258333 0.998828 0.254861
0 0.789844 0.183333 0.783203 0.193056 0.778906 0.193750 0.777344 0.197917 0.773438 0.196528 0.772266 0.201389 0.769922 0.195833 0.767969 0.197222 0.765234 0.202778 0.764844 0.206944 0.763281 0.206250 0.762500 0.201389 0.757812 0.201389 0.756641 0.215972 0.751172 0.230556 0.751172 0.234028 0.748828 0.237500 0.742188 0.238194 0.737500 0.250000 0.733594 0.249306 0.733594 0.259722 0.729688 0.262500 0.728516 0.271528 0.732812 0.269444 0.734766 0.275000 0.734766 0.280556 0.732422 0.283333 0.732031 0.287500 0.732422 0.291667 0.734375 0.293750 0.734375 0.301389 0.732031 0.302778 0.732031 0.304861 0.735547 0.306944 0.733984 0.315278 0.734375 0.320833 0.736328 0.325000 0.739062 0.324306 0.739844 0.329167 0.737500 0.330556 0.735938 0.328472 0.728516 0.329861 0.726953 0.333333 0.719922 0.334722 0.648828 0.446528 0.646875 0.447222 0.646875 0.450694 0.648828 0.452083 0.660547 0.452083 0.666406 0.456944 0.673047 0.458333 0.675781 0.462500 0.681250 0.475694 0.678906 0.477778 0.678906 0.484722 0.675781 0.488889 0.676953 0.500694 0.678125 0.496528 0.683594 0.489583 0.683203 0.486806 0.679297 0.486806 0.679688 0.481944 0.682813 0.477083 0.680859 0.465278 0.680859 0.455556 0.684375 0.450000 0.690234 0.447222 0.693750 0.439583 0.696484 0.440278 0.698047 0.436111 0.702734 0.431944 0.704688 0.426389 0.706641 0.428472 0.709766 0.425000 0.716016 0.425694 0.727344 0.442361 0.735156 0.427083 0.729297 0.416667 0.728906 0.411111 0.742578 0.409722 0.741797 0.413889 0.752344 0.413194 0.751172 0.402778 0.753906 0.395139 0.750391 0.388889 0.750391 0.382639 0.753516 0.379861 0.753125 0.372917 0.748437 0.370833 0.741406 0.371528 0.739062 0.376389 0.739844 0.384722 0.736719 0.389583 0.728906 0.387500 0.728125 0.382639 0.730078 0.379861 0.730078 0.375694 0.723437 0.372917 0.723437 0.362500 0.726562 0.361111 0.729688 0.354167 0.737500 0.354167 0.739062 0.350694 0.737891 0.343750 0.740234 0.339583 0.747656 0.336806 0.744141 0.329861 0.744141 0.319444 0.747266 0.318056 0.747266 0.308333 0.744531 0.308333 0.742188 0.305556 0.741797 0.300694 0.744922 0.298611 0.744141 0.294444 0.739453 0.284722 0.738672 0.273611 0.733984 0.267361 0.737500 0.263889 0.737891 0.259028 0.748437 0.256944 0.751953 0.254167 0.752344 0.250694 0.754687 0.247222 0.755078 0.236806 0.758594 0.229167 0.758984 0.224306 0.763281 0.218750 0.769141 0.220139 0.769922 0.218056 0.773047 0.218056 0.774219 0.216667 0.773047 0.212500 0.775000 0.209028 0.777344 0.209028 0.778125 0.211806 0.780859 0.209028 0.782031 0.204861 0.784375 0.202778 0.784375 0.196528 0.785937 0.198611 0.789062 0.196528 0.789062 0.192361 0.786328 0.189583 0.789453 0.186806
0 0.371484 0.147222 0.368750 0.150694 0.369922 0.158333 0.368750 0.163889 0.366406 0.167361 0.365625 0.176389 0.370703 0.184028 0.370703 0.189583 0.366406 0.197222 0.379688 0.195139 0.382812 0.206250 0.383594 0.204167 0.386328 0.213194 0.385156 0.223611 0.381641 0.226389 0.381250 0.230556 0.376172 0.241667 0.376172 0.252083 0.377734 0.260417 0.381250 0.268750 0.384375 0.270139 0.385156 0.284722 0.388281 0.291667 0.386719 0.295139 0.382812 0.296528 0.385156 0.304861 0.385156 0.311806 0.380859 0.316667 0.377344 0.324306 0.379297 0.323611 0.383203 0.329861 0.387109 0.332639 0.384375 0.333333 0.384375 0.340278 0.386328 0.344444 0.385547 0.362500 0.389844 0.370139 0.394922 0.368056 0.395703 0.363194 0.392969 0.357639 0.392969 0.352778 0.395313 0.352083 0.408984 0.381250 0.406250 0.386806 0.402344 0.386806 0.402344 0.392361 0.405859 0.397222 0.405859 0.408333 0.407031 0.410417 0.406250 0.412500 0.401953 0.409028 0.399609 0.403472 0.398438 0.388194 0.396875 0.383333 0.396875 0.377778 0.398828 0.374306 0.397266 0.368750 0.391406 0.375694 0.387891 0.375000 0.391016 0.372222 0.389844 0.371528 0.383984 0.379861 0.384375 0.389583 0.380469 0.398611 0.380078 0.402778 0.383203 0.408333 0.382812 0.413194 0.388281 0.427778 0.387500 0.430556 0.389844 0.431250 0.389844 0.439583 0.387891 0.443056 0.387500 0.455556 0.383984 0.461806 0.382812 0.472222 0.382812 0.481944 0.385547 0.482639 0.385937 0.486111 0.380078 0.493056 0.373437 0.491667 0.366406 0.485417 0.362891 0.486806 0.360547 0.492361 0.357031 0.492361 0.346875 0.486806 0.343750 0.479861 0.344531 0.472917 0.339062 0.481944 0.330469 0.486111 0.330078 0.489583 0.328516 0.488889 0.326953 0.483333 0.315625 0.491667 0.312500 0.485417 0.311719 0.486806 0.310156 0.483333 0.311328 0.482639 0.308594 0.479167 0.302344 0.478472 0.298828 0.483333 0.297266 0.477778 0.292187 0.479167 0.288281 0.473611 0.284375 0.473611 0.283984 0.470139 0.285938 0.471528 0.284766 0.469444 0.273438 0.469444 0.269531 0.465972 0.269531 0.459722 0.271094 0.456944 0.272656 0.446528 0.282031 0.450694 0.283203 0.448611 0.286719 0.448611 0.289453 0.443750 0.275391 0.445833 0.273438 0.444444 0.272266 0.440278 0.271094 0.445139 0.265625 0.454167 0.233984 0.457639 0.245703 0.459028 0.243359 0.462500 0.235156 0.461111 0.230469 0.456250 0.228125 0.443750 0.224219 0.437500 0.224219 0.431944 0.220703 0.437500 0.219531 0.436111 0.217969 0.443750 0.219141 0.445833 0.221875 0.442361 0.223828 0.446528 0.225781 0.458333 0.221094 0.460417 0.223047 0.461806 0.223438 0.465972 0.227734 0.469444 0.228516 0.472917 0.235547 0.475000 0.241016 0.470833 0.248438 0.468750 0.258984 0.476389 0.263672 0.473611 0.267578 0.477083 0.268750 0.484722 0.275000 0.494444 0.275000 0.483333 0.278906 0.485417 0.273047 0.475000 0.276953 0.471528 0.282422 0.473611 0.287891 0.486806 0.292578 0.492361 0.296094 0.492361 0.298828 0.485417 0.306641 0.481250 0.309766 0.484722 0.310156 0.483333 0.312500 0.489583 0.320703 0.495833 0.325781 0.494444 0.335156 0.486806 0.337500 0.486806 0.341016 0.490972 0.341797 0.495139 0.343750 0.494444 0.344531 0.491667 0.348047 0.494444 0.351172 0.492361 0.360938 0.494444 0.364453 0.491667 0.376172 0.493056 0.388672 0.514583 0.387500 0.522917 0.389062 0.523611 0.390234 0.538194 0.387891 0.549306 0.387891 0.567361 0.390625 0.563194 0.392188 0.563889 0.392188 0.570833 0.389844 0.581250 0.390625 0.597222 0.392188 0.600000 0.390234 0.600694 0.390234 0.611806 0.388672 0.618056 0.382812 0.617361 0.378516 0.622917 0.382031 0.630556 0.380078 0.636806 0.385937 0.635417 0.390234 0.652778 0.390234 0.656944 0.385547 0.671528 0.387109 0.686111 0.383594 0.709722 0.384375 0.728472 0.381641 0.729167 0.377734 0.725000 0.375000 0.713889 0.370703 0.711806 0.366016 0.727083 0.368750 0.727778 0.371484 0.731944 0.372266 0.738194 0.374609 0.740972 0.374609 0.745139 0.378516 0.743056 0.382031 0.746528 0.380469 0.759722 0.377734 0.759028 0.374219 0.763889 0.373828 0.769444 0.378906 0.770139 0.381250 0.774306 0.381250 0.779167 0.376172 0.791667 0.376953 0.797222 0.375391 0.798611 0.378125 0.804167 0.383984 0.806250 0.383594 0.809028 0.382422 0.808333 0.383984 0.815972 0.382031 0.816667 0.383594 0.819444 0.382422 0.820139 0.382422 0.826389 0.380859 0.829167 0.380859 0.838194 0.383984 0.845833 0.384766 0.852083 0.383203 0.854861 0.382812 0.861111 0.386328 0.865972 0.385937 0.871528 0.383203 0.873611 0.382422 0.884722 0.386719 0.893056 0.385937 0.905556 0.388281 0.913889 0.388281 0.939583 0.386719 0.942361 0.387500 0.953472 0.385937 0.956944 0.385937 0.975000 0.383203 0.981250 0.383203 0.991667 0.387109 0.997917 0.398047 0.997222 0.399219 0.992361 0.398047 0.988194 0.396094 0.987500 0.392969 0.977778 0.393359 0.971528 0.394531 0.970833 0.393359 0.969444 0.392578 0.958333 0.391016 0.956944 0.389844 0.959722 0.388672 0.959028 0.389453 0.946528 0.393750 0.937500 0.390234 0.929167 0.392188 0.920139 0.391406 0.901389 0.393750 0.893750 0.390234 0.889583 0.387109 0.889583 0.385937 0.886806 0.385937 0.883333 0.389453 0.877778 0.389453 0.874306 0.387891 0.871528 0.388672 0.855556 0.387109 0.853472 0.387109 0.845833 0.384766 0.839583 0.384375 0.832639 0.387109 0.828472 0.387109 0.825000 0.391406 0.820139 0.385547 0.819444 0.385547 0.817361 0.389453 0.817361 0.391016 0.814583 0.394531 0.814583 0.396094 0.818056 0.396875 0.816667 0.391797 0.810417 0.390234 0.812500 0.388672 0.809722 0.389062 0.806944 0.392578 0.805556 0.389844 0.806250 0.386328 0.800000 0.386328 0.794444 0.383203 0.789583 0.382812 0.777778 0.385547 0.773611 0.388672 0.774306 0.390234 0.772222 0.389062 0.758333 0.390234 0.745833 0.389062 0.732639 0.387500 0.729167 0.387891 0.701389 0.390234 0.697917 0.391016 0.684722 0.394141 0.681250 0.395703 0.676389 0.396484 0.679861 0.398438 0.679861 0.398438 0.677778 0.396484 0.677083 0.391797 0.666667 0.393359 0.661806 0.393359 0.652083 0.396094 0.643750 0.396094 0.634028 0.392188 0.630556 0.391797 0.623611 0.395313 0.618750 0.397656 0.618750 0.401953 0.605556 0.396875 0.605556 0.392188 0.584028 0.394531 0.578472 0.395313 0.565972 0.393359 0.561806 0.395703 0.560417 0.395703 0.556250 0.393359 0.548611 0.394531 0.538889 0.392969 0.534028 0.392969 0.529861 0.394922 0.526389 0.394922 0.520833 0.393359 0.512500 0.388672 0.509028 0.389062 0.491667 0.387109 0.483333 0.391406 0.477083 0.388281 0.477778 0.389453 0.475000 0.388281 0.463194 0.391797 0.450000 0.396875 0.445139 0.398047 0.439583 0.396875 0.428472 0.398438 0.427083 0.401172 0.415278 0.409375 0.411806 0.409766 0.421528 0.411328 0.424306 0.416797 0.425000 0.417969 0.427083 0.425391 0.425694 0.421094 0.415972 0.420703 0.402778 0.423438 0.400000 0.425781 0.391667 0.418750 0.391667 0.415234 0.397222 0.413281 0.397222 0.413672 0.394444 0.412109 0.394444 0.411719 0.398611 0.409375 0.395139 0.410156 0.392361 0.414062 0.391667 0.418359 0.386111 0.424609 0.385417 0.427734 0.382639 0.430469 0.372222 0.435547 0.372222 0.437500 0.375000 0.433594 0.365972 0.426172 0.365972 0.415234 0.354167 0.413672 0.343056 0.419531 0.340278 0.419531 0.338194 0.415234 0.331944 0.405859 0.331944 0.400391 0.324306 0.394141 0.324306 0.394531 0.319444 0.391406 0.317361 0.393750 0.309722 0.393750 0.304861 0.389844 0.300000 0.390234 0.297222 0.393359 0.294444 0.393359 0.290972 0.391797 0.288194 0.391797 0.276389 0.385547 0.270833 0.383594 0.261806 0.378906 0.252778 0.379688 0.240972 0.388281 0.221528 0.387109 0.213194 0.389844 0.208333 0.384766 0.202083 0.382422 0.193056 0.378516 0.192361 0.376563 0.189583 0.375391 0.177083 0.373437 0.170833 0.373437 0.163889 0.369922 0.158333
0 0.789062 0.175000 0.790234 0.181944 0.791406 0.179861 0.798047 0.181250 0.803516 0.178472 0.804297 0.183333 0.806641 0.186806 0.807813 0.186111 0.808594 0.188889 0.811719 0.188889 0.812500 0.185417 0.819531 0.188889 0.824609 0.188194 0.826953 0.191667 0.828906 0.191667 0.833984 0.185417 0.839844 0.184028 0.841797 0.180556 0.846875 0.180556 0.847656 0.181944 0.846094 0.183333 0.850391 0.186806 0.854297 0.194444 0.855078 0.209028 0.865625 0.214583 0.867578 0.218056 0.867578 0.222222 0.871875 0.221528 0.875000 0.226389 0.880859 0.222917 0.883594 0.217361 0.891016 0.219444 0.892969 0.216667 0.897656 0.222917 0.903906 0.223611 0.908984 0.229861 0.915625 0.233333 0.932813 0.232639 0.933984 0.229861 0.938281 0.229861 0.948438 0.238889 0.957812 0.252083 0.960547 0.251389 0.964453 0.258333 0.968750 0.258333 0.972656 0.263889 0.975391 0.263889 0.977734 0.266667 0.978516 0.258333 0.980859 0.254861 0.979297 0.251389 0.976562 0.250000 0.970313 0.251389 0.967969 0.254167 0.964844 0.248611 0.959766 0.249306 0.959375 0.241667 0.956250 0.235417 0.953906 0.234722 0.948438 0.227083 0.943750 0.227083 0.941797 0.223611 0.941406 0.217361 0.938672 0.214583 0.936719 0.215278 0.934766 0.221528 0.926953 0.221528 0.923438 0.218750 0.923047 0.221528 0.920703 0.221528 0.919922 0.223611 0.912500 0.224306 0.907031 0.222917 0.903125 0.218056 0.894922 0.217361 0.891406 0.211806 0.893750 0.209028 0.894531 0.202778 0.891016 0.202778 0.891406 0.206944 0.889844 0.209722 0.890625 0.214583 0.888672 0.213194 0.888672 0.206250 0.889844 0.204861 0.888672 0.202778 0.886328 0.205556 0.882031 0.205556 0.880859 0.209028 0.876172 0.212500 0.870313 0.211806 0.867969 0.208333 0.866797 0.199306 0.864062 0.193750 0.869141 0.188194 0.868359 0.184722 0.863281 0.184722 0.857812 0.188194 0.856250 0.186111 0.857422 0.179861 0.854688 0.178472 0.853125 0.181250 0.851953 0.180556 0.849219 0.172917 0.843359 0.166667 0.840234 0.172222 0.835156 0.172917 0.833203 0.176389 0.828125 0.175000 0.826172 0.172917 0.828125 0.171528 0.821484 0.161111 0.816016 0.159722 0.818359 0.155556 0.816406 0.156250 0.815625 0.159722 0.812891 0.156944 0.813281 0.149306 0.812109 0.146528 0.811328 0.152083 0.808203 0.158333 0.805469 0.156250 0.801172 0.163889 0.793750 0.163889 0.793359 0.167361
0 0.766797 0.146528 0.769531 0.149306 0.776563 0.164583 0.777344 0.174306 0.775781 0.177778 0.776172 0.188194 0.773047 0.194444 0.777734 0.193750 0.779297 0.188889 0.776172 0.183333 0.778125 0.172917 0.777344 0.159722 0.773828 0.151389
0 0.376953 0.113889 0.375391 0.114583 0.372656 0.123611 0.370703 0.138194 0.372656 0.145833 0.380469 0.134028 0.383984 0.134028 0.380078 0.125694
0 0.383203 0.057639 0.380859 0.061111 0.381641 0.072222 0.377734 0.080556 0.377734 0.084028 0.372656 0.100694 0.369922 0.101389 0.365625 0.097917 0.366016 0.105556 0.371484 0.113889 0.373437 0.113889 0.374219 0.110417 0.377734 0.109722 0.382031 0.099306 0.380078 0.093750 0.379688 0.082639 0.383594 0.071528
0 0.386719 0.039583 0.386719 0.045833 0.383984 0.052778 0.383984 0.056250 0.388672 0.055556 0.389453 0.043056
0 0.725781 0.004861 0.724609 0.009722 0.726172 0.006250 0.726953 0.015972 0.725781 0.015278 0.725781 0.019444 0.727344 0.025694 0.725391 0.032639 0.727344 0.032639 0.728516 0.035417 0.729297 0.026389 0.729688 0.034722 0.732031 0.042361 0.731641 0.045833 0.728906 0.037500 0.728125 0.062500 0.731641 0.070139 0.734375 0.072222 0.733984 0.086806 0.735547 0.090278 0.735547 0.097917 0.739453 0.100000 0.741406 0.103472 0.739453 0.108333 0.743359 0.111111 0.748437 0.111111 0.750781 0.114583 0.754297 0.114583 0.756250 0.110417 0.757812 0.110417 0.761719 0.128472 0.765234 0.132639 0.764453 0.145139 0.766016 0.146528 0.766016 0.137500 0.767578 0.132639 0.762891 0.129167 0.764453 0.120833 0.760938 0.109028 0.760938 0.105556 0.763281 0.100000 0.758594 0.097222 0.755859 0.098611 0.756641 0.100000 0.755078 0.102778
0 0.964063 0.000000 0.964063 0.002083 0.967578 0.006944 0.968359 0.031250 0.971094 0.042361 0.979297 0.052778 0.982422 0.063194 0.986328 0.068750 0.987500 0.097917 0.986719 0.111111 0.989844 0.118750 0.986719 0.125000 0.986719 0.131250 0.991797 0.140278 0.992188 0.148611 0.990234 0.154167 0.990234 0.160417 0.991016 0.159722 0.993359 0.165278 0.992969 0.170139 0.990625 0.173611 0.991406 0.184722 0.987891 0.193056 0.987891 0.198611 0.990625 0.202083 0.999609 0.204861 0.999609 0.162500 0.994141 0.152778 0.992969 0.147917 0.993750 0.140972 0.992188 0.129861 0.991406 0.130556 0.991406 0.122222 0.993750 0.114583 0.990234 0.106250 0.991406 0.089583 0.993750 0.085417 0.993750 0.082639 0.999609 0.075000 0.999219 0.064583 0.998437 0.068750 0.989844 0.066667 0.984766 0.058333 0.984375 0.051389 0.985938 0.050694 0.987891 0.043056 0.987891 0.038194 0.986328 0.034722 0.989844 0.027083 0.985938 0.025694 0.983984 0.021528 0.981641 0.020833 0.980078 0.001389
0 0.374219 0.000000 0.374219 0.002778 0.371484 0.005556 0.375391 0.004167 0.379297 0.010417 0.383594 0.011111 0.383594 0.018056 0.384766 0.020139 0.383984 0.032639 0.386328 0.036111 0.385547 0.023611 0.387109 0.016667 0.384766 0.008333 0.384766 0.002083 0.383203 0.000000
