0 0.057813 0.904861 0.064844 0.904861 0.065625 0.900694 0.060156 0.900694
0 0.421875 0.890278 0.426563 0.894444 0.425391 0.891667
0 0.933984 0.844444 0.935937 0.850694 0.946094 0.855556 0.953906 0.869444 0.964063 0.870833 0.965234 0.874306 0.967969 0.875694 0.968359 0.879861 0.971094 0.883333 0.973047 0.895139 0.975000 0.897222 0.975781 0.904861 0.980469 0.915278 0.998437 0.928472 0.994922 0.919444 0.981250 0.906944 0.974609 0.879861 0.971484 0.874306 0.951172 0.859722 0.946875 0.852778 0.940234 0.849306 0.936719 0.844444
0 0.894141 0.819444 0.903125 0.833333 0.919141 0.833333 0.923047 0.836806 0.925391 0.843750 0.928906 0.843750 0.926172 0.842361 0.923047 0.834028 0.919922 0.834028 0.917188 0.830556 0.905078 0.829167 0.897656 0.824306
0 0.626563 0.682639 0.626563 0.692361 0.628125 0.700000
0 0.504297 0.545139 0.499609 0.568056 0.498437 0.590278 0.503125 0.606944 0.506250 0.612500 0.506250 0.615972 0.508203 0.616667 0.512891 0.631250 0.512891 0.645139 0.508984 0.661806 0.510547 0.698611 0.510547 0.683333 0.512500 0.670833 0.512500 0.661111 0.514453 0.653472 0.520312 0.646528 0.520312 0.640278 0.519141 0.634722 0.515234 0.627778 0.514453 0.620833 0.506641 0.607639 0.505859 0.599306 0.503906 0.594444
0 0.418359 0.889583 0.412500 0.881944 0.408984 0.880556 0.406250 0.874306 0.398438 0.865972 0.382812 0.854861 0.376953 0.845833 0.373828 0.845833 0.367188 0.837500 0.359766 0.834028 0.343750 0.836111 0.343359 0.839583 0.328125 0.840972 0.323828 0.845833 0.321484 0.845833 0.305859 0.870139 0.303906 0.870139 0.287891 0.886806 0.277344 0.891667 0.270703 0.902083 0.257422 0.904167 0.253125 0.897917 0.249609 0.883333 0.249219 0.887500 0.238281 0.906944 0.235156 0.915972 0.215234 0.917361 0.210156 0.910417 0.203516 0.909028 0.191406 0.897222 0.180859 0.897222 0.176953 0.893750 0.171094 0.893750 0.167969 0.889583 0.167969 0.874306 0.164453 0.861806 0.164453 0.854167 0.163281 0.850694 0.162500 0.821528 0.166406 0.808333 0.167969 0.795139 0.169141 0.794444 0.169141 0.787500 0.171094 0.786111 0.171875 0.781250 0.179688 0.767361 0.185547 0.748611 0.185547 0.709028 0.187109 0.697222 0.182422 0.687500 0.180469 0.677083 0.180469 0.629861 0.196875 0.590278 0.199609 0.581250 0.199609 0.566667 0.200781 0.561806 0.203516 0.558333 0.205469 0.551389 0.209375 0.546528 0.210156 0.541667 0.212109 0.540972 0.212109 0.536111 0.216016 0.531250 0.216016 0.525694 0.222656 0.509028 0.228516 0.478472 0.228516 0.457639 0.232422 0.434722 0.233984 0.431944 0.233203 0.415278 0.231250 0.411806 0.231250 0.395139 0.229297 0.388194 0.228516 0.371528 0.225781 0.373611 0.219922 0.373611 0.219531 0.381250 0.222656 0.377778 0.225000 0.386806 0.225000 0.415278 0.227734 0.434028 0.227734 0.454861 0.221094 0.479861 0.220312 0.491667 0.219141 0.493750 0.219141 0.504167 0.212500 0.531250 0.207422 0.534722 0.204297 0.540278 0.200781 0.541667 0.194922 0.552778 0.192578 0.573611 0.192578 0.593750 0.183594 0.608333 0.176172 0.631944 0.176172 0.658333 0.174219 0.663889 0.173437 0.672917 0.173437 0.720139 0.178906 0.737500 0.178906 0.750694 0.173437 0.763889 0.163672 0.781250 0.161719 0.781250 0.158984 0.786111 0.157031 0.793056 0.156250 0.804861 0.156250 0.868750 0.157812 0.881250 0.158984 0.881944 0.160938 0.891667 0.159766 0.902083 0.157812 0.904167 0.157031 0.909722 0.160938 0.918750 0.161719 0.930556 0.159375 0.932639 0.153906 0.932639 0.151562 0.936111 0.145703 0.936111 0.142187 0.934028 0.139453 0.922917 0.133984 0.922917 0.133594 0.925694 0.130078 0.929167 0.085156 0.927778 0.073438 0.919444 0.066797 0.918056 0.062109 0.913889 0.058203 0.913889 0.057031 0.911806 0.057031 0.906250 0.055469 0.909028 0.046484 0.909028 0.037500 0.920833 0.034766 0.920833 0.042969 0.925000 0.058984 0.925000 0.060156 0.927083 0.063672 0.927083 0.071875 0.938889 0.078516 0.942361 0.081250 0.947222 0.086719 0.949306 0.089063 0.957639 0.093359 0.952778 0.106641 0.949306 0.117188 0.949306 0.122266 0.957639 0.128125 0.957639 0.132031 0.955556 0.132812 0.949306 0.135937 0.942361 0.162500 0.943750 0.165234 0.956944 0.172656 0.968750 0.176172 0.996528 0.177734 0.996528 0.176563 0.961806 0.178516 0.956250 0.178516 0.951389 0.187109 0.938194 0.192188 0.934028 0.193750 0.929861 0.204687 0.925000 0.230469 0.922222 0.235937 0.915972 0.236328 0.913194 0.239063 0.911806 0.244922 0.897917 0.250781 0.900000 0.252734 0.906944 0.255078 0.909722 0.264844 0.909722 0.268750 0.911806 0.273047 0.906944 0.279297 0.904861 0.288672 0.889583 0.301953 0.881250 0.311328 0.868750 0.316406 0.865972 0.332031 0.848611 0.346094 0.848611 0.349219 0.854167 0.360547 0.855556 0.360938 0.857639 0.371875 0.860417 0.378906 0.870139 0.393750 0.877083 0.394141 0.879167 0.396875 0.879167 0.405469 0.885417 0.406641 0.888194
0 0.244531 0.343056 0.242188 0.349306 0.239063 0.352778 0.237500 0.359028 0.234375 0.361111 0.234375 0.364583 0.232813 0.367361 0.241016 0.355556
0 0.636719 0.166667 0.660937 0.166667 0.664453 0.168750 0.664844 0.166667 0.670703 0.165278 0.673438 0.161806 0.683984 0.161806 0.689063 0.166667 0.692578 0.166667 0.697266 0.170139 0.701172 0.177083 0.709766 0.177083 0.714453 0.166667 0.721875 0.163194 0.721875 0.159028 0.712500 0.167361 0.702734 0.167361 0.695703 0.162500 0.695312 0.160417 0.684766 0.155556 0.675781 0.157639 0.671484 0.163889 0.655469 0.163889 0.652734 0.154861 0.650781 0.154167
0 0.303125 0.079167 0.301953 0.087500 0.310937 0.091667 0.316797 0.091667 0.321484 0.086806 0.326172 0.086806 0.328125 0.090278 0.332422 0.090278 0.351172 0.102083 0.366406 0.102083 0.379688 0.110417 0.383594 0.119444 0.387500 0.124306 0.392969 0.122917 0.396875 0.112500 0.411328 0.112500 0.418359 0.098611 0.428516 0.097222 0.430469 0.093750 0.444922 0.097917 0.451172 0.105556 0.462891 0.104167 0.470703 0.091667 0.514062 0.090972 0.517578 0.102778 0.517578 0.113889 0.519531 0.115972 0.519531 0.127778 0.520703 0.128472 0.524219 0.146528 0.529297 0.150694 0.530078 0.158333 0.537500 0.161806 0.538281 0.165972 0.541797 0.170833 0.543359 0.185417 0.544531 0.186111 0.545312 0.192361 0.549219 0.202778 0.551953 0.219444 0.555078 0.223611 0.555078 0.227083 0.557813 0.231250 0.557813 0.295139 0.558594 0.299306 0.560937 0.300000 0.562500 0.316667 0.572266 0.332639 0.575000 0.343750 0.576562 0.343750 0.578906 0.349306 0.579688 0.365972 0.578125 0.372917 0.576172 0.373611 0.571875 0.381944 0.566406 0.383333 0.566016 0.385417 0.562500 0.385417 0.558594 0.388889 0.557031 0.396528 0.553125 0.398611 0.550391 0.408333 0.542188 0.419444 0.538281 0.419444 0.532813 0.425694 0.528125 0.425694 0.516406 0.446528 0.512109 0.449306 0.508594 0.454861 0.499219 0.458333 0.486719 0.458333 0.481250 0.461806 0.479297 0.466667 0.476562 0.468056 0.475781 0.471528 0.480078 0.471528 0.485938 0.459028 0.501563 0.459722 0.504297 0.470139 0.505078 0.498611 0.506250 0.499306 0.506250 0.524306 0.505078 0.525000 0.505859 0.542361 0.510547 0.531250 0.510547 0.469444 0.512109 0.463889 0.527344 0.446528 0.532422 0.437500 0.536328 0.437500 0.538672 0.443750 0.542969 0.442361 0.542969 0.431250 0.544531 0.427083 0.548047 0.427083 0.554688 0.418750 0.558594 0.411806 0.558594 0.407639 0.563281 0.403472 0.569141 0.393056 0.569141 0.389583 0.571094 0.386111 0.578516 0.386111 0.580859 0.391667 0.580859 0.396528 0.583594 0.403472 0.583594 0.406944 0.588672 0.419444 0.589453 0.428472 0.591406 0.430556 0.595313 0.454861 0.595313 0.491667 0.594141 0.493750 0.594141 0.502778 0.592187 0.507639 0.592187 0.529167 0.597656 0.547222 0.600000 0.550000 0.602734 0.563194 0.605859 0.568750 0.607812 0.575694 0.608594 0.586806 0.613281 0.595833 0.615234 0.607639 0.617188 0.611111 0.617969 0.643056 0.621094 0.656944 0.622656 0.671528 0.625781 0.677083 0.626172 0.681250 0.625391 0.647917 0.623437 0.641667 0.623437 0.634028 0.621484 0.629861 0.619531 0.604167 0.617578 0.600694 0.616016 0.590972 0.610156 0.580556 0.610156 0.558333 0.608984 0.557639 0.608203 0.546528 0.604297 0.536111 0.604297 0.519444 0.602344 0.512500 0.601562 0.464583 0.591797 0.430556 0.589063 0.413889 0.586328 0.405556 0.584375 0.403472 0.584375 0.383333 0.589844 0.375694 0.590234 0.372917 0.598437 0.364583 0.598437 0.356944 0.597656 0.354861 0.594922 0.354861 0.588672 0.364583 0.582422 0.345833 0.581641 0.309028 0.580859 0.318056 0.575000 0.320833 0.574609 0.317361 0.571875 0.315278 0.565625 0.313889 0.562109 0.307639 0.561328 0.295139 0.558984 0.295139 0.558594 0.293056 0.563281 0.287500 0.565625 0.279167 0.567187 0.279167 0.567578 0.282639 0.573047 0.284028 0.576953 0.290972 0.578516 0.290972 0.581250 0.300694 0.580469 0.284722 0.579297 0.284028 0.574609 0.267361 0.572656 0.252083 0.569922 0.248611 0.570703 0.237500 0.576562 0.233333 0.576953 0.231250 0.580859 0.231250 0.585547 0.226389 0.598828 0.200694 0.603516 0.200694 0.609375 0.211111 0.612891 0.211111 0.612891 0.199306 0.614453 0.193750 0.618750 0.188889 0.621875 0.188889 0.625781 0.181250 0.627734 0.173611 0.630078 0.172222 0.631250 0.168750 0.634766 0.167361 0.628516 0.167361 0.628125 0.169444 0.622656 0.170833 0.619531 0.175694 0.610156 0.181250 0.602344 0.196528 0.589063 0.203472 0.582812 0.213194 0.580859 0.219444 0.575391 0.225694 0.565234 0.227083 0.560937 0.218750 0.556250 0.198611 0.553516 0.192361 0.551953 0.181250 0.546094 0.170833 0.544922 0.165278 0.541406 0.160417 0.532813 0.136806 0.526563 0.130556 0.520312 0.116667 0.523047 0.050000 0.525781 0.044444 0.525781 0.025694 0.520312 0.000694 0.511719 0.000694 0.507031 0.005556 0.507031 0.066667 0.496484 0.079167 0.487891 0.079167 0.487891 0.086806 0.482422 0.087500 0.482031 0.089583 0.472656 0.089583 0.466797 0.087500 0.464844 0.084028 0.429297 0.080556 0.421875 0.082639 0.420703 0.086111 0.404687 0.087500 0.403125 0.091667 0.396875 0.097917 0.382422 0.097917 0.374609 0.095833 0.371094 0.092361 0.355859 0.090972 0.350391 0.082639 0.343359 0.079167
0 0.803516 0.000000 0.788281 0.000000 0.789453 0.002778 0.788281 0.010417 0.788281 0.047917 0.796094 0.061806 0.796875 0.078472 0.800391 0.083333 0.802734 0.094444 0.805469 0.134722 0.809375 0.150000 0.809375 0.172222 0.817187 0.213194 0.817969 0.253472 0.819531 0.254861 0.820703 0.261806 0.823828 0.268750 0.828516 0.294444 0.832422 0.304861 0.835156 0.329861 0.836328 0.331944 0.837109 0.367361 0.835156 0.372917 0.835156 0.388194 0.837109 0.405556 0.837109 0.422222 0.841016 0.436806 0.841016 0.445833 0.842969 0.449306 0.842969 0.479861 0.844922 0.484722 0.844922 0.515972 0.842969 0.533333 0.840234 0.544444 0.840234 0.582639 0.841016 0.590278 0.842969 0.595139 0.842969 0.658333 0.841016 0.673611 0.839063 0.675694 0.837109 0.692361 0.837109 0.714583 0.839063 0.715278 0.839063 0.736806 0.838281 0.741667 0.837109 0.742361 0.837109 0.750694 0.839063 0.760417 0.845703 0.772222 0.843359 0.775000 0.824609 0.775000 0.818750 0.771528 0.801953 0.771528 0.800000 0.764583 0.792188 0.759028 0.786719 0.761111 0.764844 0.761111 0.759375 0.764583 0.746094 0.764583 0.744141 0.761111 0.744141 0.757639 0.722656 0.757639 0.713672 0.761111 0.705078 0.754167 0.701172 0.754167 0.697266 0.750694 0.660156 0.750694 0.658984 0.748611 0.658984 0.743750 0.654687 0.740972 0.647656 0.743750 0.642188 0.743056 0.641797 0.727083 0.639844 0.724306 0.638672 0.715972 0.635938 0.709722 0.628516 0.704861 0.628516 0.753472 0.630469 0.763194 0.628516 0.774306 0.629687 0.780556 0.624609 0.790278 0.621875 0.791667 0.621094 0.811111 0.615234 0.815278 0.613672 0.819444 0.611328 0.820833 0.611328 0.831944 0.614453 0.837500 0.614453 0.856250 0.619141 0.863194 0.619141 0.871528 0.621094 0.881250 0.621094 0.918750 0.614453 0.927083 0.613281 0.935417 0.601953 0.947917 0.589844 0.953472 0.585547 0.964583 0.582812 0.966667 0.580859 0.983333 0.584375 0.984722 0.584375 0.989583 0.575000 0.978472 0.567187 0.959722 0.560547 0.958333 0.541797 0.938194 0.536328 0.923611 0.536328 0.918056 0.534375 0.913194 0.534375 0.901389 0.532422 0.895139 0.526172 0.890278 0.472266 0.891667 0.467187 0.893056 0.460156 0.898611 0.450391 0.898611 0.445703 0.895139 0.427344 0.895139 0.427734 0.897917 0.429688 0.898611 0.430469 0.903472 0.444922 0.911806 0.446875 0.915278 0.458984 0.915278 0.463281 0.901389 0.467578 0.901389 0.470703 0.906944 0.472656 0.906944 0.474609 0.911806 0.495703 0.911806 0.505078 0.900000 0.523438 0.900000 0.530078 0.905556 0.533984 0.930556 0.538672 0.943750 0.538672 0.947917 0.542578 0.956250 0.546484 0.959722 0.546484 0.962500 0.549219 0.968056 0.551562 0.968056 0.557813 0.976389 0.564063 0.981250 0.569531 0.982639 0.570312 0.986806 0.576953 0.986806 0.579688 0.995139 0.586328 0.995139 0.587500 0.993056 0.585938 0.990972 0.587109 0.986806 0.587109 0.973611 0.588281 0.972917 0.588281 0.965278 0.589844 0.961806 0.590234 0.993056 0.592969 0.993056 0.592969 0.963194 0.595313 0.959028 0.600000 0.959028 0.604297 0.952778 0.615625 0.942361 0.617969 0.945833 0.619531 0.942361 0.624219 0.947222 0.629297 0.947222 0.635547 0.958333 0.637109 0.965972 0.640234 0.964583 0.643750 0.968056 0.646484 0.968056 0.648828 0.976389 0.652344 0.976389 0.652734 0.974306 0.656250 0.974306 0.663672 0.969444 0.662109 0.940278 0.656250 0.941667 0.656250 0.945833 0.659375 0.947917 0.658594 0.955556 0.652344 0.961806 0.648438 0.961806 0.642188 0.956944 0.636328 0.942361 0.623437 0.938889 0.623437 0.929167 0.624609 0.927083 0.625391 0.917361 0.629297 0.906944 0.632031 0.906944 0.645312 0.918056 0.647656 0.922222 0.648438 0.920833 0.643750 0.910417 0.635938 0.906250 0.631250 0.893750 0.623437 0.886111 0.623437 0.881944 0.621484 0.879861 0.621484 0.862500 0.624609 0.859028 0.627344 0.842361 0.633984 0.823611 0.639062 0.814583 0.641797 0.801389 0.651563 0.785417 0.652734 0.780556 0.657031 0.777083 0.658984 0.772222 0.660937 0.772222 0.660937 0.767361 0.662891 0.765278 0.662891 0.761111 0.664844 0.755556 0.694922 0.756944 0.699219 0.760417 0.709766 0.763889 0.726953 0.765278 0.727344 0.767361 0.734375 0.768750 0.741406 0.782639 0.742578 0.778472 0.749219 0.774306 0.769531 0.770833 0.781250 0.773611 0.786328 0.779167 0.788281 0.777083 0.796875 0.777083 0.805469 0.784028 0.812891 0.784028 0.829297 0.795139 0.836328 0.804861 0.835547 0.819444 0.832422 0.825000 0.828516 0.840278 0.828516 0.862500 0.821875 0.877083 0.821875 0.894444 0.826562 0.895139 0.825781 0.920139 0.823828 0.925000 0.817969 0.925694 0.815625 0.922222 0.814844 0.912500 0.811719 0.921528 0.804688 0.930556 0.805469 0.972917 0.808984 0.984722 0.808203 0.945833 0.812500 0.931944 0.817187 0.930556 0.817969 0.934028 0.823438 0.937500 0.824609 0.940972 0.826562 0.971528 0.832031 0.999306 0.836328 0.999306 0.838281 0.993056 0.841016 0.989583 0.845313 0.974306 0.844531 0.944444 0.840234 0.944444 0.835938 0.951389 0.832812 0.953472 0.832812 0.934722 0.834766 0.932639 0.834766 0.891667 0.839844 0.884722 0.840625 0.843750 0.842578 0.840278 0.843359 0.834028 0.848047 0.828472 0.860938 0.828472 0.864062 0.824306 0.856250 0.824306 0.854297 0.820833 0.850391 0.818750 0.850391 0.807639 0.852344 0.802778 0.860938 0.802778 0.865625 0.806250 0.868750 0.814583 0.881250 0.814583 0.876953 0.811806 0.871484 0.811806 0.871094 0.802083 0.866797 0.802083 0.862891 0.796528 0.859375 0.796528 0.853125 0.786111 0.853125 0.769444 0.851562 0.768056 0.853906 0.754861 0.850391 0.741667 0.850391 0.726389 0.855078 0.708333 0.855078 0.673611 0.853125 0.667361 0.853125 0.622917 0.853906 0.618056 0.857422 0.613194 0.857812 0.607639 0.859766 0.602778 0.859766 0.591667 0.855078 0.563889 0.855078 0.493750 0.853516 0.491667 0.850391 0.475000 0.850391 0.439583 0.848437 0.434722 0.847266 0.422222 0.845313 0.420139 0.844531 0.413889 0.844531 0.389583 0.841797 0.377083 0.841797 0.368056 0.838672 0.362500 0.838672 0.344444 0.840625 0.338194 0.840625 0.300000 0.837891 0.286806 0.837891 0.279167 0.834766 0.275694 0.831250 0.264583 0.831250 0.245833 0.830078 0.240278 0.828125 0.238194 0.826172 0.206944 0.822656 0.200000 0.822656 0.177778 0.819531 0.170139 0.818750 0.161806 0.816797 0.159028 0.816797 0.136806 0.815625 0.136111 0.814844 0.125000 0.813672 0.124306 0.812891 0.115972 0.810937 0.111111 0.810937 0.098611 0.806250 0.088889 0.803516 0.070139 0.800391 0.064583 0.799609 0.053472 0.798438 0.052778 0.798438 0.036111 0.802344 0.022917
0 0.310547 0.000694 0.303125 0.000000 0.305078 0.002778 0.294922 0.006250 0.292578 0.009722 0.289062 0.021528 0.289062 0.040278 0.287109 0.050694 0.287109 0.076389 0.289062 0.088194 0.289062 0.117361 0.283203 0.128472 0.282422 0.148611 0.284375 0.150694 0.285156 0.154861 0.285156 0.193056 0.278516 0.211111 0.277734 0.219444 0.271875 0.233333 0.271875 0.243750 0.263281 0.263889 0.258984 0.271528 0.257422 0.271528 0.255469 0.277778 0.255469 0.296528 0.251563 0.310417 0.251172 0.317361 0.253125 0.311806 0.256250 0.308333 0.257031 0.284722 0.262109 0.275694 0.262891 0.268750 0.265625 0.263889 0.267578 0.255556 0.271484 0.250694 0.275391 0.240278 0.275391 0.234722 0.277344 0.231250 0.278125 0.225000 0.280078 0.222917 0.282031 0.213194 0.283984 0.212500 0.283984 0.204861 0.287891 0.197222 0.288672 0.186111 0.291406 0.175000 0.291406 0.167361 0.292578 0.166667 0.293359 0.146528 0.296484 0.134722 0.296484 0.102778 0.295312 0.092361 0.296875 0.088889 0.299219 0.088889 0.300000 0.079167 0.303125 0.076389 0.303125 0.061806 0.301172 0.058333 0.301172 0.029861 0.305078 0.025694 0.305078 0.014583 0.310547 0.004167
