0 0.675781 0.781944 0.680078 0.782639 0.685937 0.795833 0.698047 0.797222 0.706641 0.800694 0.715625 0.809722 0.722656 0.825694 0.726953 0.829167 0.737500 0.852083 0.746875 0.861806 0.753906 0.896528 0.757031 0.903472 0.766406 0.909722 0.783203 0.929861 0.784375 0.935417 0.792188 0.945833 0.792969 0.954861 0.796094 0.961806 0.803906 0.963194 0.807813 0.969444 0.812109 0.972222 0.814844 0.977083 0.831641 0.994444 0.840625 0.999306 0.829688 0.990972 0.827734 0.986806 0.819141 0.979861 0.805859 0.959722 0.801172 0.960417 0.797266 0.956250 0.789453 0.932639 0.788672 0.936111 0.785937 0.934028 0.782813 0.922222 0.778125 0.917361 0.773047 0.918056 0.769141 0.911111 0.761719 0.904167 0.771484 0.894444 0.776172 0.885417 0.790625 0.879861 0.794141 0.880556 0.796094 0.885417 0.805469 0.894444 0.805078 0.888194 0.799609 0.873611 0.795312 0.870833 0.789844 0.878472 0.780859 0.879861 0.776563 0.882639 0.768750 0.895833 0.764844 0.897222 0.760547 0.902778 0.757812 0.901389 0.754297 0.893056 0.754297 0.885417 0.749609 0.870833 0.748828 0.860417 0.738281 0.850694 0.736719 0.840972 0.731250 0.829861 0.728516 0.816667 0.723047 0.814583 0.718359 0.804861 0.711328 0.802778 0.704297 0.795833 0.697266 0.793750 0.691797 0.781944 0.686719 0.778472 0.686328 0.772917 0.680859 0.772917 0.683984 0.777778 0.683594 0.781944
0 0.607031 0.636111 0.610156 0.642361 0.626563 0.653472 0.632812 0.663194 0.636328 0.665972 0.643359 0.681944 0.658203 0.695139 0.662500 0.712500 0.667188 0.720833 0.670703 0.741667 0.669922 0.757639 0.671094 0.753472 0.673828 0.752083 0.673828 0.738194 0.676953 0.734028 0.674609 0.731944 0.671094 0.722917 0.670312 0.713889 0.667188 0.701389 0.668750 0.714583 0.666797 0.716667 0.662109 0.703472 0.660156 0.692361 0.651563 0.686111 0.647656 0.678472 0.640234 0.671528 0.635156 0.661806 0.635547 0.659028 0.630859 0.653472 0.628125 0.646528 0.621875 0.643750 0.619531 0.636111 0.619141 0.643750 0.610156 0.641667
0 0.569141 0.541667 0.570312 0.547222 0.570312 0.558333 0.569141 0.563194 0.571484 0.568750 0.575391 0.588889 0.584375 0.602778 0.594922 0.627083 0.598047 0.627778 0.602344 0.633333 0.606250 0.634028 0.605078 0.631250 0.600781 0.629167 0.592578 0.615972 0.594531 0.602778 0.593750 0.598611 0.583984 0.599306 0.576953 0.590278 0.575391 0.580556 0.576172 0.572222 0.572656 0.565972 0.573047 0.560417 0.570703 0.550000 0.571094 0.544444
0 0.534375 0.497222 0.535547 0.504861 0.542188 0.509722 0.548438 0.506944 0.557422 0.506944 0.563672 0.517361 0.570703 0.541667 0.573438 0.540972 0.575000 0.537500 0.574609 0.530556 0.571094 0.527778 0.564844 0.518056 0.562891 0.509028 0.558984 0.504861 0.552734 0.503472 0.550391 0.500000 0.549609 0.492361 0.546484 0.492361 0.548828 0.503472 0.548047 0.506250 0.542578 0.507639 0.541406 0.504167
0 0.398047 0.324306 0.409766 0.325000 0.412891 0.322222 0.418359 0.322222 0.425000 0.336111 0.429297 0.338194 0.433594 0.343750 0.438281 0.344444 0.446875 0.351389 0.454297 0.364583 0.459766 0.370833 0.464844 0.383333 0.467187 0.397917 0.469531 0.403472 0.464453 0.404861 0.460547 0.409722 0.464844 0.410417 0.465234 0.413194 0.467969 0.409722 0.473047 0.408333 0.480859 0.427083 0.485938 0.427083 0.487891 0.424306 0.492578 0.425000 0.493359 0.451389 0.498437 0.459028 0.505469 0.463889 0.509766 0.472222 0.511328 0.479167 0.519531 0.477778 0.523047 0.483333 0.528906 0.484028 0.533984 0.493750 0.542578 0.493056 0.539453 0.490278 0.534375 0.490278 0.532813 0.486806 0.535156 0.484722 0.531641 0.484028 0.530469 0.479861 0.527344 0.478472 0.525391 0.472917 0.519531 0.465278 0.508984 0.463889 0.505078 0.460417 0.505078 0.462500 0.496875 0.452778 0.493750 0.420139 0.475781 0.410417 0.469531 0.395833 0.467969 0.385417 0.463672 0.375694 0.464844 0.365972 0.469531 0.360417 0.455469 0.359722 0.452734 0.356250 0.451562 0.350694 0.447656 0.346528 0.444922 0.338194 0.431641 0.337500 0.427344 0.330556 0.424609 0.322222 0.418750 0.316667 0.402344 0.315972 0.401953 0.321528 0.399609 0.320833
0 0.380859 0.256944 0.380078 0.261806 0.381641 0.271528 0.387500 0.287500 0.387109 0.303472 0.388672 0.311111 0.391016 0.315278 0.394141 0.315972 0.391016 0.313194 0.388281 0.304861 0.388281 0.286111 0.390625 0.280556 0.391016 0.275694 0.385156 0.270833 0.383594 0.267361 0.382422 0.256944
0 0.364063 0.223611 0.373828 0.241667 0.382422 0.253472 0.381641 0.248611 0.375391 0.238194 0.371094 0.226389
0 0.356250 0.195833 0.356250 0.205556 0.362500 0.216667 0.363672 0.221528 0.364453 0.207639 0.360156 0.204861
0 0.341406 0.127778 0.345703 0.136806 0.345703 0.159722 0.351562 0.165278 0.355469 0.173611 0.357812 0.184722 0.358984 0.184722 0.359766 0.181944 0.356641 0.175694 0.355078 0.164583 0.352734 0.160417 0.347266 0.160417 0.346094 0.158333 0.346484 0.134722 0.343359 0.127778
0 0.346484 0.094444 0.347266 0.098611 0.351562 0.105556 0.353906 0.120833 0.356250 0.127778 0.353906 0.118750 0.354297 0.106250 0.348828 0.100000
0 0.309766 0.000694 0.313672 0.006944 0.316406 0.008333 0.322656 0.022222 0.327344 0.028472 0.331250 0.054861 0.332813 0.059028 0.339453 0.063889 0.339453 0.079861 0.342187 0.082639 0.345703 0.090972 0.345703 0.085417 0.341797 0.077083 0.341016 0.071528 0.343750 0.069444 0.349609 0.075694 0.346875 0.063194 0.339844 0.059028 0.340234 0.054167 0.336328 0.050694 0.332813 0.043750 0.328906 0.025000 0.326562 0.020139 0.322656 0.020139 0.316797 0.000000
