0 0.107813 0.929167 0.103125 0.928472 0.103125 0.936806 0.101562 0.939583 0.100781 0.950694 0.095312 0.956944 0.094922 0.963889 0.083594 0.979167 0.080469 0.986806 0.074219 0.988194 0.069531 0.995833 0.061328 0.995139 0.058984 0.997917 0.074219 0.999306 0.076953 0.993056 0.085547 0.990278 0.090234 0.981250 0.092969 0.979167 0.092969 0.972917 0.097266 0.969444 0.098437 0.961111 0.106250 0.951389 0.106250 0.942361 0.108203 0.937500 0.105469 0.934722
0 0.190234 0.908333 0.178906 0.909028 0.171875 0.920833 0.182812 0.917361 0.186328 0.910417
0 0.234375 0.882639 0.231250 0.885417 0.221484 0.902083 0.214062 0.902083 0.208203 0.906250 0.201953 0.920139 0.205469 0.920139 0.214844 0.910417 0.216797 0.905556 0.225781 0.899306
0 0.344922 0.780556 0.342578 0.780556 0.340625 0.783333 0.341406 0.777778 0.339062 0.780556 0.333203 0.796528 0.310547 0.802778 0.307031 0.809722 0.301953 0.812500 0.294531 0.811111 0.289453 0.815278 0.286328 0.820139 0.277734 0.826389 0.272656 0.842361 0.268359 0.850000 0.262891 0.854861 0.257812 0.865278 0.246484 0.876389 0.235156 0.881944 0.237109 0.883333 0.237891 0.888194 0.241406 0.879861 0.246875 0.879167 0.253516 0.870139 0.256250 0.870139 0.264844 0.855556 0.266016 0.859722 0.269531 0.858333 0.276562 0.846528 0.279297 0.833333 0.283984 0.827083 0.288281 0.827778 0.292578 0.815278 0.313672 0.815972 0.317188 0.818750 0.322266 0.812500 0.320703 0.804861 0.333984 0.807639 0.332813 0.804861 0.339844 0.793750
0 0.455469 0.638194 0.451172 0.647917 0.445312 0.650694 0.438672 0.659722 0.435156 0.668056 0.434766 0.672917 0.430078 0.677778 0.427734 0.686111 0.423047 0.690972 0.416016 0.688889 0.407813 0.694444 0.399219 0.693750 0.396484 0.697917 0.396094 0.702083 0.397266 0.698611 0.413281 0.695139 0.415234 0.692361 0.422656 0.693056 0.428125 0.688889 0.434375 0.675694 0.437109 0.673611 0.440234 0.663889 0.452734 0.650694
0 0.472266 0.631250 0.467578 0.638889 0.462109 0.639583 0.467187 0.642361 0.471484 0.636111
0 0.516016 0.588889 0.491406 0.615278 0.491406 0.617361 0.495703 0.619444 0.510547 0.598611 0.512109 0.597917 0.514453 0.600694
0 0.558594 0.534028 0.556250 0.534722 0.553125 0.540972 0.542969 0.545139 0.537500 0.552778 0.531641 0.556250 0.528906 0.562500 0.528516 0.568750 0.539453 0.552083 0.542188 0.551389 0.549219 0.543750 0.551953 0.543750 0.556250 0.539583
0 0.417578 0.468750 0.414062 0.468056 0.402344 0.477083 0.398438 0.489583 0.393359 0.490972 0.391797 0.495833 0.389062 0.495139 0.387891 0.501389 0.380469 0.502083 0.376953 0.513194 0.375000 0.513889 0.373437 0.510417 0.373047 0.519444 0.379688 0.512500 0.380469 0.505556 0.382031 0.502778 0.388281 0.501389 0.389453 0.497222 0.392188 0.498611 0.394922 0.492361 0.400781 0.490972 0.403906 0.484722 0.405078 0.486111 0.404297 0.480556 0.405859 0.475694 0.410547 0.475000 0.410938 0.477083 0.410938 0.474306 0.412500 0.472917 0.416016 0.481250 0.414844 0.472917
0 0.432812 0.434722 0.430469 0.434722 0.429297 0.437500 0.430078 0.450000 0.428906 0.456250 0.430859 0.454167 0.432031 0.449306 0.431250 0.441667 0.433203 0.437500
0 0.493750 0.387500 0.491016 0.383333 0.492969 0.372917 0.486719 0.382639 0.476953 0.376389 0.471094 0.379167 0.477734 0.383333 0.488672 0.384722
0 0.522656 0.372222 0.521484 0.374306 0.522266 0.379167 0.525000 0.375694 0.526563 0.385417 0.526172 0.375694 0.525000 0.372222
0 0.469141 0.376389 0.462891 0.371528 0.455469 0.371528 0.447266 0.377083 0.446484 0.384722 0.448828 0.411111 0.451172 0.413889 0.454297 0.413889 0.468359 0.393750 0.469531 0.388889
0 0.530469 0.368750 0.528906 0.368750 0.526563 0.372917 0.529297 0.374306
0 0.541016 0.361806 0.539062 0.361806 0.536719 0.367361 0.537891 0.374306 0.539062 0.374306 0.538672 0.368056
0 0.546094 0.360417 0.546875 0.367361 0.549219 0.367361 0.551562 0.361806
0 0.501953 0.357639 0.500781 0.366667 0.502344 0.366667 0.505469 0.371528 0.503906 0.376389 0.504297 0.383333 0.507031 0.382639 0.511719 0.373611 0.517188 0.372222 0.517188 0.370139 0.514844 0.370139 0.509766 0.374306 0.507031 0.374306 0.506641 0.367361 0.503125 0.363194
0 0.595313 0.341667 0.590625 0.339583 0.587891 0.349306 0.586328 0.347917 0.575391 0.365972 0.568750 0.371528 0.564063 0.370833 0.563672 0.373611 0.566016 0.375000 0.566406 0.379861 0.570312 0.372222 0.575391 0.371528 0.576172 0.380556 0.581250 0.368056 0.586719 0.365278 0.589063 0.361111
0 0.696484 0.320139 0.691016 0.320139 0.687500 0.323611 0.683203 0.322222 0.677734 0.325694 0.672266 0.325694 0.666016 0.322222 0.660547 0.325000 0.651953 0.334722 0.637109 0.336111 0.640234 0.336111 0.644141 0.341667 0.646875 0.341667 0.649609 0.338194 0.657031 0.338194 0.660547 0.334028 0.669141 0.336806 0.672656 0.331250 0.676953 0.336111 0.679297 0.336111 0.689063 0.329861 0.695312 0.329167
0 0.608984 0.318056 0.605078 0.335417 0.602734 0.336111 0.601953 0.339583 0.602344 0.350694 0.603516 0.344444 0.610547 0.334028 0.615234 0.335417 0.617188 0.338194 0.620703 0.338194 0.622656 0.345833 0.621484 0.356944 0.622266 0.361111 0.625391 0.365972 0.625391 0.363194 0.622266 0.356944 0.623437 0.352083 0.623437 0.341667 0.620313 0.334722 0.618359 0.321528 0.615234 0.318056
0 0.885938 0.264583 0.883594 0.264583 0.878125 0.276389 0.877734 0.282639 0.878906 0.284722 0.882422 0.286111 0.884375 0.276389 0.889453 0.275000 0.889844 0.270833
0 0.969922 0.250000 0.967578 0.261806 0.974219 0.264583 0.980859 0.270833 0.981250 0.277083 0.984766 0.283333 0.987500 0.295833 0.987500 0.302083 0.981641 0.309722 0.985938 0.313889 0.992188 0.305556 0.992578 0.290972 0.987109 0.287500 0.980859 0.261111 0.979688 0.260417 0.977734 0.265278 0.975000 0.261111 0.973047 0.251389
0 0.966797 0.258333 0.957031 0.241667 0.952734 0.241667 0.948438 0.245139 0.933594 0.245833 0.926953 0.252778 0.925391 0.250694 0.914453 0.248611 0.902344 0.254167 0.891406 0.256250 0.857031 0.258333 0.846484 0.265278 0.837500 0.263194 0.823438 0.250694 0.814453 0.251389 0.810547 0.256250 0.804297 0.259722 0.795703 0.272222 0.785547 0.278472 0.783984 0.292361 0.783984 0.311111 0.778906 0.315278 0.776172 0.321528 0.771484 0.327083 0.768359 0.328472 0.764453 0.325694 0.758984 0.325694 0.757422 0.327778 0.753516 0.327778 0.747266 0.334722 0.736328 0.334028 0.723437 0.341667 0.716797 0.341667 0.709375 0.334722 0.708984 0.340972 0.711719 0.342361 0.715234 0.352083 0.717969 0.352083 0.733203 0.341667 0.743359 0.341667 0.745703 0.336806 0.750391 0.335417 0.755859 0.329861 0.765234 0.329167 0.772266 0.331250 0.779297 0.320833 0.782031 0.320139 0.785937 0.315278 0.790625 0.317361 0.792969 0.320833 0.796875 0.320833 0.808594 0.308333 0.819922 0.306250 0.828516 0.300694 0.829297 0.291667 0.833203 0.286111 0.834375 0.278472 0.839063 0.272222 0.850000 0.268750 0.860156 0.268750 0.861328 0.266667 0.866016 0.265972 0.866016 0.269444 0.871484 0.279167 0.873828 0.279167 0.874219 0.275694 0.872266 0.270139 0.875781 0.267361 0.876172 0.263889 0.878125 0.262500 0.886328 0.262500 0.887891 0.264583 0.908594 0.266667 0.911719 0.263194 0.920703 0.265278 0.926953 0.272222 0.933984 0.275694 0.941016 0.282639 0.947266 0.283333 0.950391 0.286806 0.958984 0.290278 0.960547 0.284028 0.962891 0.281250 0.962891 0.270833
