0 0.443750 0.834028 0.442578 0.836806 0.442188 0.847917 0.440234 0.851389 0.440625 0.858333 0.437109 0.861806 0.436719 0.886111 0.432422 0.904861 0.432422 0.911111 0.435156 0.919444 0.435547 0.937500 0.434766 0.936806 0.433594 0.940972 0.433594 0.954861 0.430859 0.961111 0.427734 0.976389 0.422656 0.987500 0.423047 0.999306 0.425781 0.994444 0.423828 0.988194 0.431250 0.973611 0.432031 0.963194 0.438672 0.947917 0.435937 0.947917 0.435937 0.938194 0.439453 0.927778 0.439453 0.924306 0.437109 0.920833 0.437109 0.917361 0.434766 0.912500 0.433984 0.904167 0.437500 0.897917 0.437109 0.890278 0.439063 0.884722 0.437891 0.870833 0.439453 0.861806 0.442188 0.857639 0.441797 0.852083 0.444922 0.842361
0 0.457813 0.736806 0.455078 0.740278 0.454688 0.750694 0.450391 0.756944 0.451562 0.774306 0.449609 0.777083 0.452344 0.785417 0.453125 0.800694 0.444922 0.825694 0.445312 0.831944 0.446875 0.834028 0.448047 0.833333 0.446484 0.825694 0.452734 0.811806 0.455469 0.800000 0.452344 0.775000 0.453516 0.771528 0.453516 0.756250 0.457813 0.747917
0 0.462500 0.719444 0.459766 0.725000 0.460156 0.735417 0.462891 0.729167
0 0.473828 0.623611 0.473828 0.638194 0.472656 0.640278 0.473828 0.651389 0.471484 0.659722 0.467187 0.667361 0.467187 0.677083 0.469531 0.678472 0.465234 0.688194 0.467578 0.709028 0.466406 0.716667 0.468359 0.710417 0.467578 0.702778 0.469141 0.697222 0.467969 0.686111 0.475000 0.669444 0.474609 0.662500 0.472656 0.657639 0.474219 0.652778 0.473828 0.640972 0.476562 0.630556
0 0.467187 0.509722 0.466797 0.518750 0.468750 0.526389 0.467578 0.533333 0.469922 0.540972 0.470313 0.556944 0.477734 0.602778 0.476172 0.615278 0.476953 0.616667 0.478516 0.611111 0.478906 0.599306 0.477734 0.596528 0.477734 0.589583 0.474609 0.584722 0.475391 0.579167 0.471094 0.560417 0.471484 0.556250 0.473047 0.554167 0.470703 0.548611 0.471094 0.541667 0.469141 0.536111 0.469531 0.522917 0.467187 0.515278
0 0.475781 0.434722 0.473828 0.439583 0.470703 0.459722 0.471094 0.468750 0.473828 0.482639 0.473047 0.488194 0.475391 0.477083 0.473828 0.474306 0.472656 0.456250 0.475391 0.443056
0 0.460156 0.426389 0.460938 0.431250 0.467969 0.438889 0.468750 0.447917 0.467969 0.432639 0.467187 0.434722 0.463672 0.431944
0 0.463672 0.391667 0.463672 0.400694 0.471484 0.404861 0.475000 0.415278 0.480078 0.418750 0.475391 0.412500 0.474219 0.406250 0.469141 0.403472 0.467187 0.399306 0.464844 0.399306 0.465234 0.395139
0 0.492578 0.388889 0.490234 0.392361 0.489063 0.404167 0.483984 0.415278 0.487891 0.424306 0.488672 0.420833 0.486328 0.415972 0.486328 0.411806 0.489844 0.403472
0 0.448047 0.379861 0.455859 0.407639 0.452344 0.394444 0.451172 0.381944
0 0.429297 0.338889 0.431250 0.348611 0.433203 0.352083 0.433984 0.359722 0.439063 0.368750 0.433984 0.355556 0.433594 0.347917
0 0.508594 0.299306 0.506250 0.298611 0.508984 0.303472 0.508984 0.327778 0.506641 0.340278 0.500391 0.352778 0.500391 0.361111 0.501953 0.361111 0.503125 0.350000 0.505859 0.347222 0.507812 0.341667 0.508594 0.331250 0.510547 0.325000 0.510547 0.303472
0 0.497656 0.202083 0.499219 0.202083 0.507812 0.218056 0.507812 0.229861 0.509766 0.237500 0.508984 0.238889 0.512500 0.251389 0.509375 0.290278 0.513672 0.267361 0.513672 0.247917 0.508203 0.229167 0.508594 0.222917 0.510547 0.219444 0.502344 0.202778
0 0.483984 0.188889 0.487891 0.197917 0.496875 0.201389 0.494922 0.197222 0.489844 0.197222 0.487109 0.190278
0 0.432422 0.170139 0.432422 0.184722 0.435156 0.194444 0.436719 0.218750 0.436328 0.195139 0.434375 0.186806 0.433984 0.172222
0 0.407031 0.109028 0.411719 0.114583 0.411719 0.118750 0.414062 0.121528 0.414844 0.127083 0.416797 0.128472 0.416797 0.125000 0.413281 0.118056 0.412891 0.111111 0.410938 0.113194 0.408984 0.109028
0 0.400391 0.069444 0.401562 0.072222 0.401562 0.087500 0.407031 0.097917 0.416406 0.110417 0.416016 0.106250 0.407031 0.096528 0.402734 0.086806 0.402734 0.068750
0 0.379688 0.025694 0.388672 0.039583 0.391016 0.048611 0.390625 0.057639 0.391797 0.064583 0.391797 0.047917 0.389453 0.039583 0.392578 0.034722 0.394531 0.035417 0.398828 0.045139 0.401953 0.047222 0.403516 0.059722 0.405859 0.064583 0.402734 0.044444 0.398828 0.042361 0.397656 0.038194 0.392578 0.032639 0.387891 0.033333 0.385937 0.029167
0 0.374219 0.000694 0.376563 0.003472 0.380859 0.022222 0.380859 0.013889 0.378125 0.007639 0.377734 0.000694
