0 0.490625 0.502083 0.492578 0.504167 0.496094 0.504167 0.497266 0.502083
0 0.481641 0.493750 0.485156 0.495139 0.489844 0.501389 0.487109 0.495139
0 0.452734 0.491667 0.458984 0.497222 0.463281 0.497222 0.459375 0.497222 0.455859 0.491667
0 0.596094 0.295139 0.601172 0.304167 0.605859 0.305556 0.604688 0.311111 0.605469 0.325000 0.607031 0.327778 0.607031 0.336806 0.608594 0.339583 0.608984 0.347917 0.614062 0.359722 0.613281 0.374306 0.614844 0.377778 0.613281 0.408333 0.610156 0.417361 0.610156 0.425000 0.608984 0.428472 0.609766 0.440972 0.612500 0.448611 0.614453 0.463194 0.616406 0.465278 0.616406 0.470833 0.612891 0.477778 0.614453 0.504861 0.610547 0.513889 0.606641 0.512500 0.607812 0.509028 0.604297 0.506250 0.601562 0.506944 0.604688 0.511806 0.602344 0.514583 0.607031 0.522917 0.607031 0.535417 0.604297 0.550000 0.596875 0.555556 0.601562 0.566667 0.599219 0.569444 0.599219 0.580556 0.602734 0.604167 0.599219 0.622222 0.598437 0.634028 0.602734 0.640972 0.604297 0.626389 0.607422 0.621528 0.605078 0.621528 0.605469 0.608333 0.607031 0.602778 0.607031 0.577083 0.605078 0.556250 0.607812 0.550694 0.607812 0.528472 0.610547 0.520139 0.615234 0.517361 0.623047 0.506250 0.623047 0.503472 0.618359 0.499306 0.619922 0.484028 0.621094 0.481944 0.619531 0.453472 0.612500 0.438889 0.614062 0.433333 0.614062 0.409722 0.616797 0.397222 0.616797 0.368750 0.614453 0.361806 0.614453 0.356944 0.612109 0.352083 0.612109 0.343750 0.608203 0.336806 0.608203 0.327778 0.606641 0.322917 0.607812 0.302083 0.600391 0.300694
0 0.998828 0.308333 0.996094 0.311806 0.987109 0.311806 0.978125 0.317361 0.974219 0.328472 0.970313 0.329861 0.958203 0.350694 0.947266 0.347222 0.939453 0.353472 0.934766 0.360417 0.912500 0.364583 0.901953 0.381250 0.892578 0.388194 0.889062 0.395139 0.885547 0.395139 0.884766 0.390278 0.865625 0.389583 0.858984 0.384722 0.853906 0.384028 0.849219 0.377778 0.843750 0.375000 0.838281 0.375000 0.836719 0.379167 0.832422 0.379167 0.829297 0.372222 0.825781 0.372222 0.820312 0.379861 0.818750 0.379861 0.817969 0.375000 0.810156 0.364583 0.796094 0.364583 0.793359 0.355556 0.789844 0.355556 0.787500 0.359028 0.787109 0.362500 0.784766 0.364583 0.782422 0.364583 0.781250 0.361806 0.771094 0.361111 0.769141 0.363889 0.764453 0.363889 0.758984 0.367361 0.757812 0.366667 0.756250 0.356250 0.750391 0.355556 0.742969 0.367361 0.741016 0.367361 0.735938 0.361111 0.733594 0.353472 0.722656 0.349306 0.719141 0.343056 0.704297 0.342361 0.696094 0.330556 0.689453 0.325000 0.682031 0.327778 0.675391 0.321528 0.668750 0.321528 0.659375 0.309722 0.652344 0.309028 0.651172 0.307639 0.652734 0.306250 0.652734 0.299306 0.642969 0.295833 0.638281 0.286111 0.634766 0.288194 0.632812 0.296528 0.615234 0.295833 0.612500 0.300694 0.610938 0.300694 0.610547 0.303472 0.612891 0.301389 0.617969 0.301389 0.623828 0.308333 0.626563 0.308333 0.632422 0.304861 0.634766 0.300694 0.644531 0.298611 0.650781 0.307639 0.648828 0.318750 0.657031 0.319444 0.665625 0.327778 0.667188 0.332639 0.672656 0.334722 0.678125 0.345139 0.681250 0.347917 0.692578 0.348611 0.692969 0.356250 0.694531 0.358333 0.711328 0.356250 0.715234 0.363194 0.722656 0.371528 0.725391 0.371528 0.730469 0.381944 0.731641 0.397917 0.741797 0.397222 0.747656 0.403472 0.749609 0.420139 0.752734 0.428472 0.752734 0.438194 0.754687 0.443750 0.754687 0.474306 0.751563 0.480556 0.751563 0.497222 0.754297 0.504167 0.754297 0.508333 0.745703 0.521528 0.741406 0.531250 0.737109 0.536111 0.737891 0.563889 0.736719 0.568750 0.724609 0.584028 0.719531 0.584722 0.714844 0.595833 0.710938 0.613194 0.705078 0.623611 0.701953 0.626389 0.699609 0.633333 0.699609 0.645833 0.695312 0.654167 0.694531 0.663194 0.688672 0.672222 0.686328 0.672222 0.678906 0.679167 0.670312 0.698611 0.662500 0.697222 0.653906 0.711806 0.645312 0.710417 0.643359 0.720833 0.636328 0.726389 0.631641 0.726389 0.631641 0.733333 0.625781 0.740972 0.624219 0.746528 0.626953 0.747917 0.628906 0.754861 0.623437 0.751389 0.620313 0.743750 0.609766 0.743750 0.603906 0.739583 0.603906 0.730556 0.609375 0.720139 0.609375 0.706944 0.610938 0.699306 0.609375 0.699306 0.609766 0.696528 0.612891 0.694444 0.612891 0.691667 0.603906 0.688889 0.604297 0.671528 0.602734 0.664583 0.602734 0.659028 0.604297 0.654167 0.603906 0.645139 0.603906 0.651389 0.598437 0.656944 0.600781 0.665972 0.597266 0.672917 0.597266 0.680556 0.599219 0.688194 0.603906 0.695139 0.607031 0.703472 0.608203 0.715278 0.605859 0.720833 0.598437 0.725694 0.599219 0.738194 0.596484 0.740972 0.596484 0.750000 0.603906 0.769444 0.602734 0.770833 0.602344 0.803472 0.599609 0.812500 0.599609 0.855556 0.591016 0.884722 0.587891 0.890278 0.568359 0.906250 0.564844 0.902083 0.559375 0.884722 0.549609 0.883333 0.544922 0.895833 0.546094 0.906250 0.543359 0.913889 0.534766 0.915278 0.530859 0.918056 0.522656 0.932639 0.517188 0.938889 0.517188 0.950000 0.514453 0.950694 0.506250 0.959722 0.506250 0.968750 0.504297 0.970833 0.501563 0.979861 0.499219 0.979167 0.498828 0.974306 0.494531 0.974306 0.493359 0.976389 0.493359 0.984028 0.491406 0.987500 0.483984 0.991667 0.478906 0.986111 0.473438 0.984028 0.469922 0.979861 0.467969 0.974306 0.457031 0.975000 0.457031 0.978472 0.459766 0.986111 0.460156 0.995833 0.462500 0.997917 0.492578 0.999306 0.499609 0.987500 0.506250 0.984028 0.507812 0.979861 0.508203 0.970833 0.514844 0.954167 0.521484 0.954167 0.522656 0.947917 0.525000 0.943750 0.532031 0.940278 0.541016 0.927083 0.545312 0.927083 0.551562 0.932639 0.557422 0.932639 0.562500 0.921528 0.566797 0.920139 0.569531 0.922917 0.571875 0.929167 0.575781 0.929861 0.576562 0.912500 0.578516 0.909028 0.585938 0.909028 0.587109 0.901389 0.590234 0.893056 0.595703 0.887500 0.596484 0.883333 0.599609 0.878472 0.601562 0.877778 0.603516 0.872917 0.603516 0.861111 0.604688 0.856250 0.601172 0.847917 0.618750 0.788194 0.625781 0.788194 0.630469 0.784722 0.628516 0.779167 0.623828 0.775000 0.627734 0.768056 0.632422 0.770833 0.627734 0.765972 0.627344 0.761111 0.629687 0.754861 0.632031 0.756944 0.633594 0.754167 0.633984 0.734722 0.638281 0.729167 0.643750 0.725694 0.644141 0.731250 0.647266 0.725694 0.648438 0.720139 0.646484 0.720139 0.647266 0.720833 0.644141 0.726389 0.643750 0.720139 0.647266 0.716667 0.652344 0.718750 0.657422 0.712500 0.664062 0.709722 0.667188 0.703472 0.673047 0.703472 0.675391 0.701389 0.676562 0.697222 0.679688 0.693750 0.680078 0.686111 0.686719 0.677778 0.697656 0.676389 0.701953 0.669444 0.701172 0.643056 0.709375 0.629861 0.716016 0.615278 0.716016 0.603472 0.717969 0.594444 0.719922 0.590972 0.725781 0.588194 0.732031 0.578472 0.735938 0.577778 0.741797 0.570833 0.742188 0.561806 0.746094 0.549306 0.744922 0.525694 0.749609 0.522222 0.757812 0.504861 0.761328 0.483333 0.761328 0.474306 0.755859 0.463194 0.755078 0.443750 0.758203 0.438194 0.758203 0.425000 0.755859 0.413889 0.751172 0.404861 0.751563 0.400000 0.758984 0.399306 0.764844 0.395833 0.764844 0.389583 0.767969 0.384722 0.778516 0.375694 0.782422 0.375694 0.790234 0.386806 0.793359 0.385417 0.795312 0.381944 0.804688 0.384722 0.805469 0.386806 0.825391 0.386806 0.829297 0.381944 0.833984 0.381944 0.848437 0.394444 0.853906 0.393750 0.854688 0.391667 0.860156 0.389583 0.867578 0.396528 0.880859 0.397222 0.885547 0.400694 0.893750 0.400000 0.898047 0.395139 0.907422 0.372917 0.912500 0.368056 0.929297 0.368056 0.940234 0.362500 0.944141 0.358333 0.953125 0.358333 0.959766 0.350000 0.968359 0.350000 0.968359 0.340972 0.969922 0.337500 0.975781 0.336111 0.979297 0.331250 0.982812 0.331250 0.989453 0.323611 0.997266 0.320833
0 0.099219 0.277778 0.100391 0.280556 0.108984 0.280556 0.112109 0.277083 0.121094 0.277778 0.126953 0.281250 0.138672 0.276389 0.139453 0.279861 0.149219 0.279167 0.153125 0.281944 0.159375 0.291667 0.163281 0.293750 0.175391 0.294444 0.182031 0.302778 0.187500 0.305556 0.185547 0.304167 0.188281 0.302083 0.193359 0.308333 0.200000 0.309028 0.202344 0.315278 0.208984 0.320833 0.219141 0.323611 0.221094 0.327083 0.229687 0.325694 0.237109 0.316667 0.239063 0.318750 0.253516 0.317361 0.263672 0.295139 0.258594 0.300694 0.251563 0.300694 0.257031 0.304167 0.250391 0.304167 0.248828 0.302083 0.248828 0.298611 0.246094 0.295139 0.243359 0.295139 0.237891 0.312500 0.236719 0.313889 0.233984 0.311806 0.230469 0.318750 0.222656 0.321528 0.220703 0.318056 0.209375 0.315278 0.206641 0.302083 0.204687 0.298611 0.205859 0.295139 0.204687 0.292361 0.198828 0.293056 0.194922 0.300694 0.188672 0.302778 0.185938 0.300000 0.182422 0.300000 0.173437 0.290972 0.166797 0.292361 0.160938 0.288889 0.155469 0.282639 0.152734 0.276389 0.147656 0.273611 0.143359 0.275694 0.139063 0.271528 0.133984 0.271528 0.128125 0.277083 0.112891 0.274306 0.105469 0.277778
0 0.061328 0.247222 0.061328 0.250694 0.064453 0.254167 0.064062 0.259722 0.066406 0.262500 0.066016 0.270139 0.069922 0.276389 0.080859 0.281944 0.083203 0.285417 0.087109 0.286806 0.087891 0.289583 0.090625 0.285417 0.096875 0.285417 0.098437 0.283333 0.086328 0.283333 0.081641 0.275000 0.075781 0.275000 0.071094 0.271528 0.067969 0.264583 0.065625 0.247222
0 0.282031 0.230556 0.282422 0.231944 0.278906 0.236111 0.275000 0.235417 0.274609 0.240278 0.270703 0.240972 0.270703 0.250000 0.267578 0.254861 0.268750 0.259028 0.269141 0.280556 0.267188 0.283333 0.267188 0.292361 0.265234 0.294444 0.268359 0.296528 0.270703 0.303472 0.270703 0.308333 0.273047 0.317361 0.273047 0.352778 0.277344 0.365278 0.278125 0.378472 0.282422 0.391667 0.283203 0.418056 0.280859 0.422222 0.280859 0.427778 0.285547 0.427778 0.287891 0.431944 0.287891 0.438194 0.285938 0.438889 0.285938 0.443056 0.291016 0.454167 0.286328 0.464583 0.286328 0.470139 0.290625 0.479861 0.290625 0.485417 0.287500 0.495139 0.289844 0.497917 0.293750 0.495139 0.293750 0.499306 0.292187 0.500694 0.292187 0.508333 0.293750 0.511806 0.293750 0.519444 0.296875 0.525000 0.297266 0.536111 0.295703 0.536806 0.294922 0.544444 0.292187 0.550694 0.291797 0.568056 0.293750 0.572917 0.293750 0.584722 0.302734 0.591667 0.307812 0.603472 0.309766 0.617361 0.305469 0.618056 0.305078 0.623611 0.301953 0.624306 0.301172 0.626389 0.304297 0.629861 0.304297 0.635417 0.314453 0.636806 0.319141 0.647917 0.320703 0.661111 0.319141 0.682639 0.321484 0.688889 0.321484 0.694444 0.318750 0.698611 0.317578 0.711111 0.319922 0.717361 0.319922 0.723611 0.333594 0.724306 0.323047 0.728472 0.323047 0.736111 0.330469 0.749306 0.330469 0.777083 0.328125 0.779861 0.328125 0.783333 0.326562 0.786111 0.320703 0.790972 0.320703 0.794444 0.322656 0.795833 0.323828 0.800000 0.326172 0.800000 0.328125 0.805556 0.330469 0.806250 0.329297 0.822917 0.326953 0.827083 0.319531 0.827083 0.311328 0.845139 0.305859 0.853472 0.305078 0.858333 0.300781 0.865972 0.300391 0.870833 0.292969 0.870833 0.285547 0.877778 0.283984 0.886111 0.280469 0.894444 0.280469 0.900694 0.278125 0.906250 0.279297 0.922917 0.283594 0.922917 0.285547 0.928472 0.284766 0.943750 0.281641 0.945833 0.282422 0.975000 0.281250 0.978472 0.274609 0.984028 0.274219 0.991667 0.278125 0.998611 0.288672 0.998611 0.293750 0.975000 0.293750 0.963194 0.302344 0.938194 0.303516 0.916667 0.305859 0.913194 0.307812 0.902083 0.307812 0.884722 0.312891 0.872222 0.314063 0.864583 0.320703 0.852778 0.325781 0.852778 0.328125 0.856944 0.328125 0.868056 0.337891 0.883333 0.337891 0.909722 0.339844 0.915278 0.343750 0.917361 0.347266 0.922917 0.347266 0.936111 0.357812 0.945139 0.360156 0.950694 0.360156 0.953472 0.358203 0.955556 0.358203 0.960417 0.357031 0.961111 0.357031 0.984028 0.358984 0.989583 0.358984 0.999306 0.401172 0.999306 0.392969 0.991667 0.385547 0.974306 0.378516 0.967361 0.373437 0.958333 0.370312 0.949306 0.370312 0.941667 0.366016 0.928472 0.365234 0.902778 0.366016 0.885417 0.369531 0.877083 0.369531 0.854861 0.371484 0.852778 0.375391 0.838889 0.377734 0.836111 0.377734 0.832639 0.380078 0.830556 0.382031 0.822917 0.392969 0.805556 0.396094 0.805556 0.398047 0.800694 0.389844 0.785417 0.376172 0.774306 0.375000 0.770139 0.372656 0.770139 0.371484 0.765972 0.367188 0.760417 0.366016 0.754167 0.359766 0.745139 0.354297 0.727778 0.353516 0.713889 0.350000 0.711806 0.342187 0.694444 0.341797 0.689583 0.337109 0.685417 0.340234 0.668750 0.335938 0.672222 0.328906 0.670833 0.328906 0.657639 0.332031 0.650000 0.332031 0.645139 0.323437 0.640972 0.315234 0.628472 0.315234 0.625694 0.320703 0.620139 0.329688 0.617361 0.326172 0.609722 0.329297 0.606944 0.330078 0.597917 0.335156 0.590278 0.337500 0.590278 0.337891 0.583333 0.341016 0.580556 0.345313 0.572222 0.347656 0.572917 0.348047 0.577778 0.349219 0.577083 0.350781 0.570833 0.358203 0.559028 0.359766 0.547917 0.369531 0.538889 0.378125 0.537500 0.380078 0.533333 0.380469 0.525000 0.383594 0.515278 0.393750 0.516667 0.394531 0.510417 0.389844 0.503472 0.389062 0.495139 0.398438 0.484028 0.404297 0.472222 0.412109 0.477778 0.414453 0.488194 0.423047 0.490278 0.423438 0.488889 0.420312 0.489583 0.414062 0.477083 0.409375 0.471528 0.408203 0.463194 0.406641 0.460417 0.407813 0.443056 0.413672 0.438889 0.415625 0.430556 0.416016 0.435417 0.418750 0.433333 0.418750 0.430556 0.416797 0.429861 0.418359 0.428472 0.412891 0.417361 0.408203 0.423611 0.403125 0.426389 0.400391 0.431250 0.392188 0.434722 0.388672 0.442361 0.385547 0.442361 0.383594 0.445139 0.383203 0.449306 0.380859 0.452778 0.367969 0.462500 0.365234 0.470833 0.359766 0.470833 0.360156 0.481944 0.358594 0.484722 0.358203 0.490278 0.354687 0.496528 0.358203 0.508333 0.358594 0.513889 0.355469 0.515972 0.354687 0.531250 0.351172 0.540278 0.337109 0.541667 0.335547 0.553472 0.328906 0.557639 0.325000 0.556250 0.324219 0.552778 0.318750 0.554167 0.304688 0.529861 0.305469 0.522917 0.312500 0.524306 0.315625 0.520833 0.315625 0.515972 0.317578 0.513194 0.314063 0.507639 0.314063 0.501389 0.316016 0.500000 0.316016 0.494444 0.312109 0.484028 0.309375 0.481250 0.302344 0.480556 0.301172 0.478472 0.314063 0.445139 0.315234 0.427778 0.308984 0.427083 0.307812 0.436806 0.296094 0.435417 0.302734 0.415972 0.300000 0.415278 0.296875 0.409722 0.296875 0.405556 0.299609 0.400694 0.300781 0.394444 0.300781 0.384722 0.297656 0.379861 0.292187 0.379861 0.287891 0.373611 0.284766 0.364583 0.284766 0.347917 0.286328 0.343750 0.287109 0.331250 0.284375 0.325000 0.284375 0.316667 0.282031 0.311111 0.281641 0.304167 0.276953 0.299306 0.276953 0.275000 0.275391 0.272222 0.275781 0.265972 0.281250 0.258333 0.285938 0.256944 0.287109 0.253472 0.282031 0.247917
0 0.001563 0.058333 0.002344 0.069444 0.010156 0.077778 0.018750 0.097917 0.020703 0.098611 0.020313 0.101389 0.019531 0.100000 0.015625 0.106944 0.015234 0.113889 0.023438 0.118056 0.025781 0.123611 0.025781 0.134722 0.024219 0.144444 0.022266 0.147917 0.022266 0.155556 0.020703 0.158333 0.021484 0.180556 0.025781 0.187500 0.027734 0.197222 0.039062 0.216667 0.042969 0.227083 0.055859 0.240278 0.057813 0.244444 0.062500 0.245833 0.063672 0.242361 0.061328 0.238889 0.058594 0.238194 0.052344 0.228472 0.050000 0.228472 0.042578 0.220139 0.038281 0.211806 0.034375 0.198611 0.032813 0.198611 0.023828 0.179861 0.024609 0.167361 0.026562 0.162500 0.028125 0.120833 0.029297 0.118750 0.026562 0.101389 0.031250 0.091667 0.034766 0.088889 0.027344 0.089583 0.024219 0.084028 0.020703 0.084028 0.014844 0.079167 0.012109 0.072917 0.011719 0.065278 0.008984 0.058333 0.006250 0.056250
0 0.522266 0.000000 0.519141 0.006250 0.519141 0.018056 0.516406 0.021528 0.516406 0.026389 0.518750 0.030556 0.529297 0.031250 0.529687 0.034028 0.524609 0.036806 0.521875 0.044444 0.521875 0.061806 0.520312 0.065972 0.520312 0.075000 0.518359 0.084722 0.519531 0.106250 0.518359 0.107639 0.517578 0.116667 0.511328 0.134028 0.509375 0.135417 0.508594 0.129167 0.509375 0.143056 0.507812 0.155556 0.504687 0.159722 0.501953 0.159722 0.503125 0.164583 0.503125 0.176389 0.506250 0.184722 0.506641 0.190278 0.501563 0.190972 0.501563 0.200000 0.502344 0.197222 0.504297 0.196528 0.510156 0.204167 0.516016 0.206944 0.516016 0.215972 0.520312 0.220139 0.521875 0.228472 0.536328 0.242361 0.539844 0.242361 0.545312 0.247917 0.557031 0.245833 0.557813 0.261111 0.560937 0.266667 0.571875 0.266667 0.577734 0.275694 0.586719 0.280556 0.589063 0.286806 0.591016 0.288194 0.591016 0.291667 0.594922 0.294444 0.592187 0.281250 0.583594 0.265972 0.580859 0.256250 0.569922 0.258333 0.562500 0.240278 0.555078 0.229861 0.554297 0.226389 0.550000 0.227083 0.549219 0.238194 0.542969 0.238194 0.535547 0.234722 0.530469 0.224306 0.521484 0.221528 0.520703 0.217361 0.521875 0.206250 0.525391 0.202778 0.525391 0.197222 0.521484 0.197222 0.510156 0.186806 0.514062 0.172222 0.514062 0.157639 0.512109 0.153472 0.512109 0.142361 0.526563 0.111806 0.526563 0.106250 0.523438 0.099306 0.523047 0.077778 0.528906 0.070833 0.529687 0.039583 0.533203 0.022917 0.538281 0.014583 0.539453 0.008333 0.541406 0.005556 0.537109 0.005556 0.532813 0.000000
0 0.225781 0.000000 0.230469 0.009028 0.237109 0.010417 0.244141 0.018750 0.252734 0.021528 0.258594 0.032639 0.267188 0.043750 0.270313 0.054167 0.270313 0.073611 0.271875 0.074306 0.271875 0.080556 0.270313 0.083333 0.269922 0.090278 0.272656 0.094444 0.273047 0.101389 0.269922 0.109028 0.269531 0.117361 0.272266 0.119444 0.272656 0.122917 0.267969 0.129167 0.263281 0.129167 0.261328 0.132639 0.261328 0.139583 0.262891 0.143056 0.262891 0.159722 0.264453 0.162500 0.264453 0.167361 0.266406 0.173611 0.271094 0.177083 0.271484 0.179167 0.276953 0.179167 0.279687 0.185417 0.279687 0.204167 0.277344 0.209028 0.273047 0.210417 0.269922 0.206250 0.265234 0.210417 0.271094 0.227778 0.278906 0.225694 0.280078 0.230556 0.280078 0.222222 0.284375 0.214583 0.283984 0.204861 0.286328 0.204167 0.296484 0.209722 0.307422 0.220833 0.311719 0.220833 0.316406 0.225694 0.321875 0.227778 0.327734 0.227778 0.338672 0.237500 0.348047 0.254861 0.350781 0.263194 0.361328 0.263194 0.363281 0.260417 0.367969 0.260417 0.373828 0.267361 0.383984 0.269444 0.391797 0.278472 0.400391 0.278472 0.416016 0.293056 0.419141 0.299306 0.423438 0.303472 0.431250 0.303472 0.439063 0.316667 0.445312 0.317361 0.446875 0.323611 0.444922 0.334722 0.440234 0.340972 0.437891 0.341667 0.436328 0.344444 0.435937 0.350000 0.433594 0.350000 0.427734 0.355556 0.416016 0.371528 0.418359 0.375694 0.417578 0.386111 0.427734 0.385417 0.426172 0.386806 0.425781 0.395139 0.423828 0.398611 0.416406 0.402083 0.416016 0.406250 0.419531 0.406250 0.421484 0.409028 0.418750 0.418056 0.420703 0.414583 0.427344 0.411806 0.428906 0.408333 0.428125 0.395833 0.430859 0.390278 0.433594 0.389583 0.437500 0.384028 0.438672 0.370139 0.441406 0.362500 0.453906 0.341667 0.456250 0.334722 0.456250 0.329167 0.459375 0.322222 0.467187 0.312500 0.466406 0.295833 0.473438 0.292361 0.475391 0.288194 0.476172 0.281250 0.483203 0.270833 0.487109 0.268056 0.489063 0.263194 0.489063 0.256250 0.492969 0.240972 0.492969 0.231250 0.496094 0.223611 0.500781 0.218056 0.499219 0.192361 0.496875 0.191667 0.496484 0.211111 0.494141 0.209028 0.489063 0.216667 0.490625 0.247917 0.487500 0.245833 0.486328 0.241667 0.482422 0.244444 0.478516 0.270139 0.464062 0.297917 0.460547 0.310417 0.456250 0.310417 0.448047 0.304167 0.441797 0.304167 0.431641 0.284722 0.430859 0.277083 0.426172 0.277778 0.423828 0.281944 0.412891 0.281250 0.407031 0.275694 0.401562 0.273611 0.396094 0.265278 0.388281 0.265972 0.379297 0.256944 0.369922 0.259722 0.362109 0.247917 0.363281 0.246528 0.364453 0.250000 0.366016 0.250000 0.358594 0.234028 0.347656 0.234028 0.342578 0.226389 0.334766 0.225694 0.326562 0.217361 0.321094 0.206250 0.317578 0.208333 0.311328 0.199306 0.307812 0.199306 0.304297 0.206250 0.297266 0.206250 0.290234 0.198611 0.292969 0.193056 0.292969 0.186806 0.285938 0.179861 0.284375 0.174306 0.284375 0.170139 0.286719 0.165278 0.285547 0.159722 0.285547 0.147222 0.286719 0.140972 0.290234 0.133333 0.290234 0.125694 0.289062 0.123611 0.283984 0.124306 0.285938 0.100694 0.285938 0.089583 0.283203 0.082639 0.284375 0.064583 0.281250 0.063194 0.279297 0.059722 0.279297 0.053472 0.277344 0.045139 0.273828 0.039583 0.275781 0.032639 0.283594 0.022222 0.288281 0.007639 0.288281 0.002083 0.278516 0.002083 0.274609 0.004861 0.265234 0.017361 0.260937 0.017361 0.258203 0.014583 0.255859 0.008333 0.254297 0.012500 0.251172 0.012500 0.248047 0.006944 0.239063 0.006944 0.234766 0.001389
