0 0.178516 0.936806 0.177344 0.940278 0.176953 0.968056 0.174219 0.988194 0.178125 0.985417 0.178125 0.965972 0.179297 0.958333
0 0.635547 0.919444 0.634375 0.924306 0.635156 0.947222 0.638281 0.954861 0.643750 0.999306 0.647656 0.999306 0.644141 0.983333 0.643750 0.967361 0.642188 0.963889 0.642188 0.956944 0.638672 0.945139 0.638672 0.938194 0.637109 0.936806 0.635938 0.930556
0 0.637891 0.883333 0.635938 0.888889 0.637500 0.893056 0.639062 0.915972 0.641016 0.917361 0.641016 0.911806 0.638672 0.902778
0 0.194922 0.840972 0.193750 0.842361 0.192188 0.870833 0.186719 0.885417 0.184766 0.899306 0.187500 0.893750 0.188281 0.885417 0.193750 0.871528
0 0.638672 0.833333 0.637891 0.836111 0.639844 0.840972 0.639844 0.861806 0.642578 0.866667 0.643359 0.861111 0.640625 0.835417
0 0.226562 0.752083 0.222266 0.764583 0.217969 0.772222 0.212500 0.774306 0.208984 0.786111 0.208594 0.793750 0.199609 0.803472 0.196094 0.830556 0.199609 0.818056 0.201172 0.805556 0.208594 0.797222 0.212891 0.779167 0.219922 0.772222 0.223438 0.765972 0.226953 0.755556
0 0.230859 0.695139 0.228906 0.716667 0.229297 0.736111 0.230469 0.729167
0 0.220703 0.525694 0.219922 0.550000 0.221094 0.560417 0.219922 0.568056 0.220703 0.575694 0.219141 0.580556 0.219922 0.611806 0.218750 0.621528 0.220312 0.620139 0.221094 0.613194 0.221094 0.577083 0.223047 0.561111 0.221484 0.554167 0.221875 0.528472
0 0.368359 0.568056 0.360156 0.568750 0.356641 0.574306 0.353906 0.574306 0.348047 0.566667 0.344922 0.566667 0.338281 0.557639 0.335938 0.557639 0.331641 0.561806 0.328125 0.569444 0.322656 0.568056 0.317969 0.575000 0.308594 0.576389 0.303906 0.572222 0.291016 0.574306 0.286719 0.569444 0.284766 0.569444 0.281641 0.563889 0.270313 0.565278 0.265234 0.558333 0.262891 0.547222 0.263672 0.542361 0.269141 0.542361 0.269922 0.545139 0.268359 0.547917 0.269922 0.547917 0.272266 0.540972 0.276562 0.543056 0.280078 0.535417 0.282031 0.544444 0.285547 0.550000 0.285547 0.545833 0.283203 0.544444 0.282031 0.536806 0.280078 0.533333 0.282813 0.526389 0.283203 0.511806 0.285156 0.506250 0.291016 0.504861 0.297656 0.497917 0.305859 0.500000 0.308984 0.504861 0.313281 0.502778 0.315625 0.503472 0.317969 0.508333 0.325000 0.507639 0.330078 0.504167 0.329688 0.492361 0.328516 0.492361 0.325000 0.502083 0.320703 0.502083 0.319531 0.504167 0.317969 0.504167 0.317188 0.500000 0.310156 0.500694 0.305859 0.495833 0.294531 0.493056 0.290625 0.501389 0.284766 0.503472 0.276172 0.501389 0.272656 0.503472 0.267578 0.518056 0.268750 0.518056 0.271875 0.509722 0.275391 0.504861 0.279687 0.504861 0.282813 0.509722 0.281250 0.527778 0.275781 0.538889 0.270313 0.538194 0.261719 0.541667 0.257812 0.537500 0.252734 0.537500 0.236328 0.543750 0.235547 0.547222 0.232031 0.539583 0.228516 0.539583 0.236719 0.552083 0.238281 0.552083 0.236719 0.547222 0.241406 0.547917 0.250781 0.540972 0.256641 0.540972 0.261719 0.545833 0.264844 0.562500 0.264453 0.570139 0.260937 0.575000 0.255859 0.590972 0.250391 0.598611 0.246875 0.597917 0.242969 0.602083 0.240234 0.610417 0.242969 0.606250 0.244922 0.607639 0.254297 0.595833 0.263281 0.572917 0.265234 0.572917 0.266406 0.563194 0.269922 0.568056 0.276172 0.565278 0.280859 0.566667 0.287109 0.572222 0.289453 0.577083 0.302734 0.575000 0.307422 0.581944 0.318359 0.578472 0.322656 0.572222 0.328906 0.571528 0.337109 0.561111 0.341406 0.563194 0.342969 0.569444 0.344531 0.568750 0.351562 0.577083 0.355469 0.576389 0.360938 0.570139
0 0.220312 0.470833 0.220312 0.497917 0.222266 0.515278 0.223047 0.510417 0.221875 0.505556 0.221875 0.479861
0 0.659375 0.770139 0.659766 0.750000 0.661328 0.745833 0.660937 0.722917 0.656641 0.718750 0.655078 0.714583 0.655469 0.708333 0.650391 0.686806 0.650000 0.668750 0.648438 0.663194 0.653516 0.652778 0.653906 0.642361 0.652344 0.597222 0.648828 0.577083 0.650391 0.572222 0.649219 0.557639 0.651563 0.550000 0.650000 0.533333 0.654297 0.534722 0.653906 0.484722 0.657813 0.474306 0.661719 0.471528 0.663281 0.460417 0.656641 0.472917 0.652344 0.488889 0.651953 0.528472 0.650000 0.532639 0.646875 0.533333 0.648438 0.540972 0.647266 0.577083 0.641016 0.574306 0.640234 0.572222 0.626953 0.572222 0.619141 0.574306 0.608594 0.581944 0.604688 0.575694 0.594531 0.575694 0.587891 0.580556 0.585938 0.584722 0.572656 0.585417 0.566797 0.598611 0.559766 0.605556 0.557813 0.610417 0.534766 0.618750 0.522266 0.616667 0.517578 0.613194 0.516016 0.609722 0.512500 0.609722 0.510156 0.606944 0.506250 0.612500 0.489063 0.610417 0.484766 0.613889 0.478906 0.614583 0.472656 0.609028 0.467578 0.600694 0.463281 0.600694 0.451953 0.593056 0.443750 0.597222 0.435156 0.596528 0.416016 0.586111 0.412891 0.577778 0.410156 0.575000 0.398047 0.575000 0.395703 0.577083 0.389844 0.566667 0.375391 0.525000 0.371875 0.521528 0.369141 0.508333 0.373437 0.500694 0.379688 0.501389 0.382422 0.504167 0.387891 0.502778 0.389453 0.505556 0.410156 0.500694 0.408203 0.498611 0.401172 0.498611 0.392969 0.504167 0.390625 0.500694 0.382422 0.500000 0.376563 0.496528 0.371484 0.499306 0.367578 0.505556 0.364063 0.498611 0.362500 0.491667 0.359375 0.490278 0.358594 0.487500 0.353906 0.490278 0.350000 0.483333 0.344922 0.481250 0.335156 0.481250 0.329688 0.484028 0.326172 0.481944 0.326562 0.485417 0.330078 0.490972 0.332422 0.486111 0.345703 0.486111 0.350781 0.493056 0.355859 0.493750 0.358984 0.496528 0.367188 0.510417 0.370703 0.521528 0.370312 0.526389 0.375391 0.534028 0.376172 0.540278 0.381641 0.547917 0.387891 0.568750 0.395703 0.584028 0.400781 0.583333 0.401562 0.578472 0.408594 0.579861 0.412891 0.588194 0.426172 0.595139 0.430469 0.600000 0.440625 0.604167 0.457031 0.602083 0.467969 0.608333 0.472266 0.617361 0.475391 0.620139 0.487500 0.618750 0.488672 0.615972 0.494141 0.616667 0.495312 0.619444 0.501563 0.616667 0.507422 0.623611 0.508984 0.623611 0.511328 0.618056 0.513281 0.618056 0.519922 0.623611 0.530078 0.623611 0.536328 0.626389 0.558594 0.617361 0.562109 0.613889 0.566797 0.604861 0.574609 0.600694 0.579297 0.591667 0.588281 0.593750 0.589063 0.588194 0.592187 0.584028 0.598437 0.584722 0.602734 0.582639 0.608984 0.587500 0.609766 0.590972 0.611328 0.590278 0.612500 0.586111 0.616406 0.587500 0.620313 0.581944 0.623828 0.586806 0.626172 0.581250 0.628125 0.584722 0.631641 0.584028 0.634766 0.580556 0.640234 0.581250 0.647266 0.590278 0.650000 0.602083 0.652344 0.643750 0.650781 0.643750 0.652344 0.654167 0.648438 0.662500 0.646875 0.661806 0.648828 0.681944 0.645312 0.682639 0.649219 0.690972 0.649219 0.696528 0.651953 0.704861 0.652734 0.713889 0.658594 0.727083 0.659375 0.745139 0.656641 0.753472 0.657813 0.756944 0.656641 0.769444
0 0.215625 0.385417 0.216016 0.411111 0.219922 0.435417 0.220312 0.427778 0.218359 0.420833 0.217188 0.387500
0 0.679297 0.311111 0.680469 0.317361 0.679688 0.365972 0.681641 0.368750 0.680859 0.354861 0.682422 0.347917 0.682813 0.325694 0.681641 0.320833 0.682031 0.311806
0 0.206250 0.269444 0.205469 0.276389 0.207031 0.284028 0.207813 0.300000 0.209375 0.306944 0.212109 0.306944 0.213281 0.310417 0.216016 0.372222 0.217188 0.334028 0.214844 0.323611 0.213672 0.304167 0.212500 0.302083 0.211719 0.304861 0.208984 0.300000 0.207422 0.272222
0 0.689063 0.229861 0.686328 0.232639 0.687109 0.240972 0.685937 0.252083 0.687109 0.267361 0.689453 0.270833 0.690625 0.263194 0.689063 0.257639 0.689063 0.246528 0.690625 0.240972
0 0.209375 0.174306 0.208984 0.202083 0.209766 0.209028 0.211328 0.209722 0.210156 0.204861 0.210547 0.183333
0 0.209375 0.057639 0.207813 0.061111 0.207422 0.088194 0.205469 0.091667 0.205859 0.102083 0.204687 0.104861 0.205859 0.107639 0.205859 0.118056 0.209375 0.129861 0.208594 0.145139 0.210156 0.163194 0.210547 0.125694 0.207031 0.116667 0.206250 0.109028 0.208203 0.070139 0.210547 0.058333
0 0.211328 0.001389 0.210547 0.004167 0.212109 0.013194 0.210938 0.015972 0.210156 0.031944 0.210938 0.040972 0.212109 0.020833 0.213281 0.017361
0 0.712109 0.000000 0.708594 0.026389 0.705859 0.032639 0.706250 0.051389 0.703125 0.088889 0.703125 0.111111 0.701172 0.120833 0.702344 0.124306 0.701562 0.148611 0.703516 0.152083 0.705469 0.147917 0.704297 0.119444 0.705469 0.115972 0.708203 0.072222 0.708984 0.031250
