0 0.267188 0.897917 0.258984 0.898611 0.238672 0.920833 0.231641 0.920833 0.228125 0.916667 0.217188 0.911111 0.213281 0.911111 0.208203 0.916667 0.199219 0.915972 0.194141 0.926389 0.190234 0.926389 0.186719 0.934028 0.186719 0.938889 0.185547 0.940278 0.169922 0.938889 0.165234 0.942361 0.163672 0.946528 0.163672 0.954167 0.161719 0.958333 0.157812 0.961111 0.151172 0.973611 0.150000 0.978472 0.137500 0.990278 0.138281 0.999306 0.139453 0.999306 0.141797 0.992361 0.149609 0.992361 0.153516 0.988889 0.157031 0.988889 0.164844 0.981944 0.166406 0.976389 0.171094 0.970139 0.217969 0.940278 0.202734 0.940278 0.201953 0.938194 0.206250 0.938194 0.212891 0.929861 0.219141 0.926389 0.233594 0.930556 0.235156 0.927083 0.245312 0.922917 0.250000 0.915278 0.257031 0.913194 0.258984 0.908333 0.265234 0.902778
0 0.434375 0.861111 0.421094 0.856250 0.418750 0.853472 0.409766 0.852778 0.403125 0.839583 0.396875 0.838194 0.392578 0.840972 0.390625 0.847222 0.382422 0.859028 0.375781 0.864583 0.351172 0.864583 0.340625 0.859028 0.329688 0.870833 0.316797 0.871528 0.311328 0.879167 0.304688 0.883333 0.296875 0.892361 0.289453 0.892361 0.283203 0.885417 0.281250 0.892361 0.278125 0.897222 0.269531 0.897917 0.275391 0.902083 0.278516 0.908333 0.280078 0.908333 0.280078 0.903472 0.283203 0.892361 0.290625 0.895139 0.302734 0.895139 0.307422 0.900694 0.314453 0.900694 0.317188 0.899306 0.323437 0.888194 0.329688 0.881944 0.335938 0.879861 0.341797 0.870833 0.346094 0.870833 0.349609 0.875694 0.359766 0.876389 0.365234 0.872917 0.369141 0.872917 0.377734 0.866667 0.383984 0.871528 0.396094 0.872917 0.404297 0.865278 0.406641 0.858333 0.412500 0.858333 0.422266 0.865278 0.425781 0.865278 0.429297 0.861111
0 0.991406 0.795139 0.988672 0.797917 0.986719 0.805556 0.989844 0.802778 0.989844 0.811806 0.990234 0.806250 0.991406 0.805556
0 0.994141 0.787500 0.991797 0.788889 0.991016 0.793056
0 0.517578 0.770139 0.514062 0.770139 0.511719 0.774306 0.509375 0.774306 0.506641 0.779167 0.504687 0.787500 0.495703 0.797917 0.486719 0.811806 0.485156 0.816667 0.482422 0.816667 0.478906 0.823611 0.478906 0.829861 0.476562 0.836111 0.471094 0.836806 0.463672 0.831944 0.461719 0.838194 0.455469 0.839583 0.453125 0.837500 0.451953 0.840972 0.437891 0.855556 0.437891 0.887500 0.434766 0.904861 0.434375 0.920833 0.432812 0.923611 0.431250 0.933333 0.423047 0.945833 0.418359 0.959722 0.411719 0.970139 0.414062 0.981250 0.411328 0.999306 0.416406 0.999306 0.419141 0.972917 0.427734 0.951389 0.427734 0.948611 0.435547 0.936111 0.437109 0.924306 0.442969 0.909028 0.438672 0.907639 0.437500 0.904861 0.441016 0.861111 0.445703 0.855556 0.456641 0.852083 0.462891 0.844444 0.481250 0.842361 0.483984 0.837500 0.487891 0.834722 0.502734 0.810417 0.506250 0.806944 0.508203 0.794444 0.512500 0.785417 0.512500 0.777778
0 0.880078 0.709028 0.887891 0.714583 0.896875 0.716667 0.898047 0.722222 0.902344 0.727778 0.904687 0.747222 0.906641 0.750694 0.906641 0.765972 0.901563 0.775000 0.909766 0.781250 0.914844 0.790278 0.924609 0.800000 0.929688 0.800000 0.930078 0.802083 0.933984 0.803472 0.939844 0.811806 0.940625 0.815278 0.942969 0.809028 0.951172 0.809028 0.957031 0.815972 0.957812 0.820833 0.962109 0.828472 0.964844 0.837500 0.972266 0.837500 0.981250 0.856944 0.982031 0.903472 0.978906 0.917361 0.978906 0.936111 0.981250 0.947222 0.981250 0.959028 0.975781 0.970139 0.975781 0.976389 0.974609 0.977778 0.975781 0.987500 0.977734 0.990972 0.979688 0.990972 0.979688 0.977778 0.980859 0.971528 0.985156 0.962500 0.985156 0.950000 0.981641 0.943750 0.981641 0.929167 0.983984 0.926389 0.985547 0.918750 0.989844 0.915972 0.991797 0.911111 0.994531 0.909722 0.997656 0.904167 0.992578 0.884028 0.992578 0.872222 0.990234 0.865972 0.990234 0.840278 0.989062 0.839583 0.987109 0.828472 0.985938 0.806250 0.982031 0.806250 0.975391 0.821528 0.967578 0.818056 0.953906 0.801389 0.949219 0.793056 0.943750 0.793056 0.939844 0.787500 0.932813 0.783333 0.906250 0.729861 0.906250 0.709722
0 0.293750 0.556250 0.300781 0.569444 0.304297 0.579861 0.304297 0.583333 0.307812 0.588889 0.311328 0.601389 0.316016 0.611111 0.321094 0.632639 0.319531 0.661111 0.323047 0.675000 0.321484 0.702778 0.323437 0.710417 0.323437 0.716667 0.327344 0.727778 0.327344 0.745833 0.325781 0.754167 0.325781 0.788194 0.333594 0.806250 0.334375 0.815972 0.333203 0.819444 0.333203 0.829167 0.336328 0.838889 0.337891 0.849306 0.341406 0.854861 0.337500 0.838889 0.337500 0.825000 0.338281 0.822917 0.340625 0.824306 0.336328 0.813194 0.334375 0.799306 0.334375 0.785417 0.331250 0.774306 0.330078 0.763889 0.329688 0.726389 0.328906 0.719444 0.326562 0.715278 0.327344 0.682639 0.325391 0.672917 0.325391 0.629861 0.321484 0.616667 0.320703 0.601389 0.317969 0.592361 0.311328 0.586111 0.309375 0.578472 0.305469 0.570833 0.299609 0.565278
0 0.262891 0.478472 0.262891 0.488889 0.265625 0.498611 0.266016 0.509028 0.268359 0.515278 0.275000 0.527083 0.283984 0.534028 0.292969 0.553472 0.292578 0.540972 0.291016 0.533333 0.287109 0.529861 0.286719 0.527083 0.276953 0.513194 0.272656 0.511806 0.272656 0.503472 0.275781 0.495833 0.275781 0.481944 0.270313 0.480556 0.267188 0.475694 0.265234 0.476389 0.266406 0.480556
0 0.646094 0.458333 0.648828 0.472917 0.653516 0.480556 0.662891 0.484028 0.680078 0.497222 0.684375 0.506944 0.687500 0.509028 0.687500 0.521528 0.681250 0.529861 0.681250 0.537500 0.683203 0.538889 0.689844 0.554167 0.694141 0.560417 0.699219 0.574306 0.698438 0.582639 0.695312 0.590278 0.691797 0.594444 0.687500 0.613194 0.687500 0.620139 0.691797 0.628472 0.692578 0.634028 0.673047 0.657639 0.667578 0.657639 0.667188 0.654167 0.656641 0.636806 0.649219 0.636111 0.642578 0.629167 0.635547 0.625694 0.626953 0.625694 0.623437 0.630556 0.616406 0.627778 0.616016 0.625694 0.623828 0.625000 0.617578 0.618750 0.615625 0.626389 0.611328 0.629167 0.609766 0.634722 0.599609 0.645833 0.596484 0.653472 0.589063 0.654167 0.586719 0.657639 0.586328 0.665972 0.584375 0.669444 0.577734 0.673611 0.575000 0.689583 0.567969 0.693056 0.567187 0.697222 0.568750 0.706944 0.566406 0.711111 0.560156 0.714583 0.554297 0.722222 0.549609 0.724306 0.535547 0.745833 0.530469 0.747222 0.531250 0.750694 0.525391 0.761111 0.521875 0.762500 0.519141 0.768750 0.526563 0.763194 0.531641 0.755556 0.539844 0.752083 0.544141 0.747917 0.548828 0.739583 0.550781 0.739583 0.550781 0.735417 0.553125 0.731250 0.559766 0.729861 0.560156 0.726389 0.563672 0.726389 0.566406 0.738194 0.571094 0.740972 0.574609 0.747222 0.575000 0.750694 0.580078 0.751389 0.582812 0.756250 0.585938 0.768056 0.593750 0.781250 0.598047 0.778472 0.607422 0.779167 0.607812 0.776389 0.612891 0.777083 0.612109 0.765278 0.614453 0.761806 0.617188 0.761111 0.619922 0.771528 0.626953 0.785417 0.626953 0.807639 0.629297 0.813889 0.631250 0.839583 0.636719 0.852778 0.636719 0.875694 0.641016 0.893056 0.641797 0.902083 0.645312 0.906250 0.645312 0.911806 0.655859 0.928472 0.655859 0.938889 0.657422 0.936111 0.658984 0.937500 0.659375 0.948611 0.655859 0.959722 0.655469 0.987500 0.661328 0.991667 0.664062 0.999306 0.667188 0.999306 0.667188 0.994444 0.663281 0.986806 0.662891 0.977778 0.662109 0.976389 0.661719 0.980556 0.660937 0.978472 0.660547 0.931250 0.654297 0.919444 0.654297 0.909028 0.652344 0.900694 0.646875 0.888889 0.646875 0.844444 0.648047 0.841667 0.648047 0.834028 0.646484 0.829861 0.645703 0.812500 0.641406 0.804861 0.641406 0.792361 0.634375 0.774306 0.632031 0.773611 0.632031 0.770139 0.628906 0.764583 0.628906 0.743056 0.630859 0.738194 0.632031 0.728472 0.636719 0.720139 0.642578 0.718750 0.648828 0.698611 0.655469 0.692361 0.659766 0.680556 0.666016 0.669444 0.676562 0.665972 0.682813 0.652083 0.686719 0.652083 0.693750 0.639583 0.693359 0.638194 0.688281 0.643056 0.691406 0.636806 0.693750 0.635417 0.696875 0.640972 0.698828 0.628472 0.703516 0.620139 0.714063 0.616667 0.715234 0.614583 0.730469 0.614583 0.739453 0.606944 0.749219 0.606944 0.753125 0.612500 0.761719 0.612500 0.769141 0.620139 0.772656 0.620139 0.780078 0.629861 0.788672 0.635417 0.794141 0.645139 0.804688 0.645139 0.807422 0.648611 0.809766 0.648611 0.817187 0.667361 0.825781 0.675000 0.832031 0.684722 0.850000 0.684722 0.854297 0.690278 0.868750 0.693750 0.871875 0.700694 0.879297 0.708333 0.875781 0.700694 0.865234 0.690972 0.864844 0.688889 0.860547 0.688889 0.840625 0.672222 0.836328 0.664583 0.834375 0.664583 0.826953 0.656944 0.822656 0.645833 0.810937 0.645833 0.809766 0.641667 0.807422 0.641667 0.800781 0.629861 0.784375 0.615278 0.769141 0.615278 0.756641 0.600000 0.718359 0.600000 0.717969 0.581250 0.721484 0.577083 0.723437 0.570139 0.723437 0.560417 0.720313 0.557639 0.719141 0.550694 0.716016 0.545139 0.716016 0.537500 0.703125 0.536111 0.693750 0.527778 0.694922 0.495833 0.690625 0.477083 0.690625 0.471528 0.683594 0.463889 0.678906 0.463889 0.670703 0.468056 0.656641 0.468056 0.650391 0.458333
0 0.249219 0.435417 0.252734 0.447917 0.254297 0.459722 0.258984 0.471528 0.263672 0.477083 0.265234 0.470833 0.265234 0.461806 0.258203 0.455556
0 0.655859 0.431250 0.652734 0.442361 0.648047 0.449306 0.645703 0.449306 0.644141 0.454167 0.655469 0.438889
0 0.599609 0.415972 0.603516 0.422917 0.606250 0.432639 0.607031 0.448611 0.610547 0.454861 0.620313 0.456250 0.625000 0.459722 0.634375 0.459028 0.634375 0.452778 0.629687 0.442361 0.618750 0.431250 0.608594 0.415972
0 0.280469 0.279861 0.278125 0.283333 0.277734 0.293056 0.276562 0.295833 0.276562 0.310417 0.275000 0.314583 0.276562 0.334028 0.274609 0.352778 0.275391 0.350000 0.276562 0.351389 0.277734 0.385417 0.273047 0.397917 0.267969 0.404167 0.266016 0.409722 0.264062 0.410417 0.264062 0.415278 0.267578 0.420833 0.265625 0.424306 0.265625 0.432639 0.267188 0.435417 0.268359 0.449306 0.271484 0.403472 0.276953 0.395139 0.278516 0.388194 0.278516 0.350694 0.276172 0.343750 0.276172 0.337500 0.279297 0.325694 0.280078 0.304861 0.281250 0.302778
0 0.355078 0.015972 0.353125 0.019444 0.353125 0.031944 0.356250 0.043056 0.364063 0.050694 0.371094 0.068750 0.371484 0.077083 0.379688 0.080556 0.387891 0.094444 0.391406 0.109722 0.399219 0.122917 0.399219 0.127083 0.404687 0.139583 0.409375 0.156250 0.409375 0.182639 0.426563 0.215278 0.426563 0.220139 0.428906 0.228472 0.435547 0.241667 0.435547 0.251389 0.437500 0.260417 0.437500 0.275000 0.440234 0.281944 0.437891 0.245833 0.430469 0.230556 0.430469 0.209722 0.427344 0.203472 0.419141 0.194444 0.413281 0.181944 0.410156 0.153472 0.407422 0.140972 0.399609 0.114583 0.392578 0.104861 0.392578 0.095833 0.394141 0.093056 0.394141 0.088889 0.387891 0.084722 0.371094 0.061111 0.368359 0.051389 0.358984 0.034722 0.357422 0.020139
0 0.771094 0.006250 0.768359 0.004861 0.767188 0.006944 0.760938 0.008333 0.754687 0.028472 0.754687 0.036111 0.752734 0.040278 0.752734 0.088889 0.746875 0.099306 0.739062 0.106250 0.737109 0.112500 0.734375 0.112500 0.733984 0.118056 0.723828 0.129167 0.725000 0.163194 0.721875 0.170139 0.721875 0.208333 0.717578 0.220833 0.717578 0.230556 0.715234 0.236806 0.714453 0.259028 0.712109 0.261806 0.710938 0.272917 0.704297 0.285417 0.700391 0.280556 0.696484 0.282639 0.682031 0.282639 0.676172 0.284722 0.669531 0.297222 0.668359 0.303472 0.665234 0.303472 0.663281 0.306944 0.662109 0.319444 0.663281 0.320139 0.663281 0.327778 0.665234 0.332639 0.665234 0.336806 0.667578 0.338889 0.667578 0.342361 0.658984 0.343056 0.657813 0.348611 0.657813 0.372917 0.660156 0.382639 0.660156 0.393750 0.657813 0.403472 0.657813 0.417361 0.656250 0.429861 0.657422 0.427778 0.657422 0.422222 0.658594 0.421528 0.658594 0.414583 0.661719 0.409028 0.661719 0.399306 0.664062 0.391667 0.664062 0.366667 0.671875 0.357639 0.682031 0.357639 0.685156 0.350000 0.689063 0.346528 0.692578 0.346528 0.701172 0.333333 0.701172 0.329167 0.705469 0.323611 0.707422 0.316667 0.707422 0.295833 0.709375 0.288194 0.714063 0.279861 0.714063 0.276389 0.717187 0.274306 0.717969 0.269444 0.717969 0.246528 0.720313 0.242361 0.722266 0.231250 0.723437 0.230556 0.724609 0.219444 0.726953 0.217361 0.735156 0.199306 0.735156 0.141667 0.738281 0.131250 0.738281 0.125694 0.743750 0.117361 0.744531 0.110417 0.746875 0.108333 0.749219 0.102083 0.754297 0.098611 0.759766 0.085417 0.759766 0.079167 0.761719 0.070833 0.761719 0.053472 0.759766 0.051389 0.759766 0.026389 0.763672 0.008333
0 0.000000 0.193056 0.001172 0.203472 0.012109 0.209722 0.013281 0.213194 0.017969 0.215972 0.026172 0.215972 0.028906 0.218750 0.032422 0.218750 0.035156 0.215972 0.049219 0.215972 0.051562 0.219444 0.057813 0.219444 0.062891 0.226389 0.067969 0.226389 0.075391 0.236111 0.083594 0.241667 0.090234 0.240278 0.093750 0.235417 0.104688 0.236806 0.113281 0.226389 0.123047 0.222917 0.138672 0.227083 0.141797 0.231250 0.142187 0.238194 0.146875 0.246528 0.160156 0.256944 0.162891 0.261111 0.169141 0.261111 0.173437 0.264583 0.178125 0.265278 0.186719 0.276389 0.186719 0.279167 0.189453 0.283333 0.189844 0.300694 0.188281 0.304861 0.188281 0.309722 0.195703 0.324306 0.196875 0.331944 0.207813 0.346528 0.210938 0.353472 0.212500 0.359722 0.212500 0.369444 0.214062 0.373611 0.219922 0.379861 0.227734 0.381944 0.233203 0.389583 0.236719 0.408333 0.240625 0.410417 0.245312 0.422917 0.244922 0.415972 0.235547 0.388889 0.224609 0.372222 0.215234 0.365972 0.217188 0.360417 0.217188 0.354861 0.202344 0.331944 0.200391 0.326389 0.200391 0.319444 0.193359 0.311111 0.193359 0.307639 0.197266 0.301389 0.197266 0.289583 0.200000 0.290972 0.205078 0.300694 0.223438 0.299306 0.231641 0.303472 0.234375 0.293056 0.232422 0.292361 0.239063 0.283333 0.240234 0.284722 0.237109 0.294444 0.245703 0.292361 0.244922 0.283333 0.248438 0.274306 0.255078 0.274306 0.259766 0.269444 0.262891 0.268750 0.269141 0.259028 0.278906 0.260417 0.280859 0.267361 0.280078 0.269444 0.282422 0.275694 0.283984 0.275694 0.285547 0.279167 0.288281 0.279167 0.291797 0.274306 0.300391 0.273611 0.301563 0.271528 0.307422 0.272917 0.310937 0.276389 0.327734 0.275694 0.331250 0.278472 0.354687 0.275694 0.360156 0.281944 0.376563 0.281944 0.381641 0.286806 0.399609 0.290278 0.405469 0.294444 0.413672 0.306944 0.415625 0.320139 0.419531 0.329167 0.419922 0.334722 0.423828 0.332639 0.426563 0.320139 0.435156 0.321528 0.444531 0.330556 0.456641 0.331250 0.459766 0.326389 0.469141 0.325694 0.477734 0.321528 0.493359 0.344444 0.501172 0.344444 0.507422 0.347222 0.508203 0.349306 0.515625 0.352778 0.522266 0.360417 0.535156 0.360417 0.537500 0.369444 0.542188 0.375000 0.552344 0.383333 0.561328 0.384722 0.562891 0.393750 0.565625 0.400000 0.571094 0.400000 0.573047 0.393056 0.575781 0.390972 0.580078 0.396528 0.580078 0.401389 0.577344 0.396528 0.578516 0.401389 0.580078 0.401389 0.587109 0.410417 0.591406 0.407639 0.600391 0.409028 0.598437 0.404167 0.598047 0.397917 0.592187 0.391667 0.578516 0.384722 0.572656 0.378472 0.551172 0.376389 0.546094 0.373611 0.541797 0.365278 0.537500 0.350694 0.532422 0.354861 0.522266 0.354167 0.514844 0.345833 0.508984 0.332639 0.503906 0.332639 0.499609 0.328472 0.495312 0.319444 0.495703 0.317361 0.495312 0.318750 0.490625 0.309028 0.487891 0.297917 0.484375 0.298611 0.475391 0.312500 0.462500 0.313194 0.442578 0.297222 0.433203 0.297222 0.427344 0.293056 0.425391 0.293056 0.422266 0.297222 0.416016 0.294444 0.403125 0.275694 0.401562 0.270833 0.401562 0.264583 0.395703 0.270139 0.379688 0.267361 0.365625 0.252778 0.358203 0.261111 0.354687 0.261111 0.346875 0.253472 0.337500 0.248611 0.331250 0.255556 0.310937 0.256250 0.301563 0.250694 0.301953 0.247917 0.295312 0.238194 0.287891 0.238194 0.283984 0.242361 0.278125 0.243750 0.277734 0.245833 0.272656 0.247917 0.267578 0.253472 0.262109 0.253472 0.258203 0.248611 0.253516 0.248611 0.251172 0.254167 0.251172 0.260417 0.204687 0.247222 0.204297 0.238889 0.200781 0.231250 0.198437 0.213194 0.192188 0.207639 0.192188 0.190972 0.190625 0.188194 0.190625 0.180556 0.189453 0.183333 0.190625 0.169444 0.189844 0.164583 0.185547 0.155556 0.186719 0.152083 0.186719 0.144444 0.185156 0.138889 0.185156 0.123611 0.192188 0.100694 0.189844 0.095139 0.190625 0.077778 0.192188 0.074306 0.192188 0.065972 0.190625 0.060417 0.191406 0.030556 0.188281 0.014583 0.187891 0.004167 0.186328 0.004167 0.187891 0.011806 0.186719 0.044444 0.189844 0.056250 0.189844 0.068750 0.187109 0.081250 0.188281 0.100000 0.184375 0.114583 0.184375 0.120139 0.182422 0.122917 0.182031 0.161806 0.187891 0.170833 0.187891 0.200694 0.195703 0.211806 0.197266 0.220139 0.196875 0.228472 0.195312 0.231944 0.191406 0.231944 0.189453 0.236806 0.189062 0.242361 0.149219 0.231250 0.142969 0.225000 0.141406 0.217361 0.136328 0.211806 0.131250 0.211806 0.126562 0.215972 0.116016 0.214583 0.112500 0.219444 0.113281 0.220139 0.111719 0.223611 0.105859 0.227083 0.111719 0.220139 0.069922 0.208333 0.063281 0.203472 0.060937 0.198611 0.050000 0.198611 0.044531 0.205556 0.041797 0.205556 0.045312 0.200694 0.018359 0.193056 0.017969 0.183333 0.013672 0.183333 0.009375 0.188194 0.005469 0.188194 0.002734 0.192361
