0 0.875391 0.936806 0.875781 0.951389 0.880078 0.953472 0.882031 0.952778 0.882422 0.949306 0.889453 0.950000 0.893359 0.953472 0.898438 0.963194 0.900781 0.976389 0.905469 0.986806 0.905078 0.992361 0.901953 0.995833 0.909375 0.999306 0.919922 0.999306 0.918750 0.995139 0.911328 0.987500 0.905078 0.956944 0.894531 0.927083 0.891406 0.926389 0.890625 0.929167 0.885938 0.933333 0.879687 0.931250
0 0.656250 0.856250 0.656641 0.859028 0.660156 0.861806 0.664062 0.860417 0.673047 0.863194 0.682031 0.877083 0.683984 0.883333 0.698828 0.891667 0.701172 0.895833 0.713672 0.901389 0.719141 0.916667 0.724609 0.927083 0.729297 0.931944 0.736719 0.929861 0.748828 0.929861 0.751172 0.931944 0.751953 0.940278 0.746875 0.948611 0.747656 0.950000 0.769141 0.947222 0.769922 0.951389 0.767969 0.954167 0.767578 0.959028 0.769531 0.960417 0.770312 0.964583 0.767188 0.971528 0.775781 0.967361 0.781641 0.977778 0.792578 0.984722 0.793750 0.987500 0.802344 0.990972 0.803125 0.995139 0.811328 0.996528 0.814453 0.999306 0.822656 0.999306 0.822656 0.995833 0.815234 0.995833 0.806641 0.988194 0.794141 0.959722 0.787891 0.954861 0.780469 0.944444 0.772656 0.942361 0.769922 0.938889 0.767969 0.932639 0.759766 0.927083 0.750391 0.925694 0.741797 0.915972 0.729297 0.915278 0.724219 0.902778 0.719141 0.901389 0.712500 0.891667 0.708984 0.882639 0.703516 0.877083 0.685937 0.869444 0.678125 0.852778 0.671484 0.842361 0.669922 0.843056 0.667969 0.848611 0.660156 0.851389
0 0.492188 0.829167 0.489063 0.819444 0.482031 0.818750 0.481250 0.815972 0.474609 0.819444 0.471094 0.810417 0.467187 0.809028 0.454297 0.828472 0.446094 0.830556 0.443750 0.829167 0.442188 0.824306 0.442969 0.814583 0.426953 0.813194 0.423828 0.815972 0.421484 0.823611 0.418750 0.827083 0.408594 0.827778 0.401172 0.836111 0.399609 0.843750 0.401953 0.841667 0.404297 0.843750 0.411328 0.833333 0.422656 0.832639 0.428125 0.827778 0.440625 0.827778 0.442969 0.835417 0.451172 0.836806 0.461719 0.827083 0.467187 0.826389 0.471875 0.834722 0.475000 0.834722 0.479687 0.829861 0.483984 0.837500 0.488281 0.838194 0.488672 0.844444 0.492188 0.838889
0 0.846875 0.792361 0.849609 0.807639 0.854688 0.816667 0.862500 0.851389 0.864062 0.867361 0.866797 0.872222 0.869531 0.883333 0.872266 0.886111 0.873828 0.902778 0.875391 0.905556 0.880078 0.905556 0.891016 0.914583 0.888281 0.893750 0.880078 0.877778 0.878125 0.864583 0.872656 0.859028 0.869922 0.851389 0.869922 0.843056 0.861328 0.813194 0.860156 0.802778 0.856641 0.795139 0.853125 0.791667
0 0.561719 0.780556 0.557422 0.781250 0.554297 0.786806 0.551953 0.787500 0.552734 0.796528 0.550391 0.807639 0.551172 0.817361 0.557422 0.806250 0.562500 0.813889 0.564063 0.811111 0.564453 0.794444
0 0.599219 0.690972 0.598047 0.693056 0.598047 0.697917 0.597266 0.694444 0.594922 0.698611 0.593359 0.715278 0.596094 0.703472 0.596875 0.704861 0.593359 0.720139 0.598047 0.718056 0.601953 0.706250 0.603516 0.705556 0.606641 0.715278 0.613281 0.727083 0.619922 0.731944 0.622656 0.736806 0.626172 0.737500 0.632422 0.752083 0.637891 0.773611 0.637891 0.795833 0.639844 0.806944 0.645703 0.814583 0.651172 0.814583 0.656641 0.827083 0.658203 0.837500 0.661328 0.838194 0.663281 0.833333 0.665234 0.832639 0.669922 0.839583 0.669531 0.829861 0.667578 0.825694 0.653516 0.819444 0.651172 0.804167 0.648438 0.802778 0.639453 0.787500 0.638672 0.780556 0.640234 0.772222 0.637109 0.764583 0.638281 0.754167 0.633594 0.751389 0.630469 0.739583 0.623047 0.722917 0.613672 0.713889 0.608203 0.702778 0.605469 0.687500
0 0.242188 0.629167 0.247656 0.631944 0.253906 0.629861 0.264062 0.622222 0.288672 0.622222 0.294531 0.617361 0.303516 0.615278 0.305078 0.620833 0.308594 0.625694 0.320312 0.631250 0.328125 0.628472 0.339844 0.632639 0.342969 0.625000 0.347656 0.628472 0.351953 0.626389 0.354297 0.629167 0.358984 0.629861 0.364063 0.628472 0.370312 0.620833 0.379297 0.631250 0.387500 0.634722 0.397266 0.625694 0.405469 0.625694 0.414062 0.619444 0.418359 0.611111 0.421875 0.613889 0.426172 0.613889 0.430078 0.604167 0.430469 0.595833 0.423047 0.599306 0.417187 0.599306 0.411719 0.612500 0.396484 0.620833 0.385937 0.621528 0.371875 0.611111 0.367969 0.610417 0.360156 0.615972 0.358203 0.613889 0.357422 0.609722 0.348047 0.610417 0.344531 0.606250 0.336328 0.606250 0.331641 0.609028 0.323047 0.606250 0.315234 0.606944 0.308203 0.611111 0.301563 0.602083 0.293359 0.601389 0.287500 0.606250 0.282813 0.606944 0.278125 0.597222 0.274219 0.593056 0.259766 0.592361 0.250781 0.602778 0.244141 0.615278
0 0.681641 0.586806 0.680078 0.583333 0.676953 0.583333 0.673047 0.590972 0.670312 0.590972 0.667969 0.597917 0.656641 0.600000 0.650781 0.606944 0.646094 0.605556 0.642188 0.614583 0.646484 0.609028 0.652344 0.611111 0.658203 0.604167 0.659766 0.609028 0.663281 0.610417 0.666797 0.604861 0.669531 0.604167 0.673828 0.597222 0.675391 0.590972
0 0.689063 0.559722 0.685547 0.559028 0.668750 0.563889 0.671484 0.567361 0.674609 0.567361 0.685156 0.561806 0.689063 0.562500
0 0.664453 0.563889 0.663281 0.560417 0.642188 0.556250 0.641016 0.561111 0.644141 0.565972 0.643359 0.573611 0.628125 0.575000 0.626953 0.572222 0.624219 0.571528 0.619141 0.576389 0.599219 0.579167 0.591797 0.590972 0.590625 0.598611 0.596484 0.586806 0.603516 0.581944 0.607422 0.581944 0.609766 0.586111 0.611328 0.586111 0.616406 0.580556 0.630078 0.582639 0.633203 0.579167 0.637891 0.579167 0.642188 0.575694 0.644141 0.579861 0.644531 0.588194 0.639844 0.593750 0.636719 0.604861 0.629687 0.615972 0.627344 0.624306 0.632812 0.620833 0.635938 0.625000 0.638281 0.620833 0.639062 0.613194 0.646094 0.597917 0.646875 0.588889 0.649219 0.584028 0.652344 0.582639 0.651563 0.578472 0.658594 0.572222 0.658984 0.580556 0.661328 0.582639 0.662891 0.580556
0 0.719141 0.338889 0.704297 0.344444 0.704297 0.359028 0.702344 0.368750 0.696875 0.381250 0.692578 0.386806 0.689063 0.397917 0.685937 0.402778 0.683984 0.412500 0.675391 0.420833 0.676953 0.422222 0.672656 0.427778 0.672656 0.436111 0.676172 0.436806 0.682031 0.433333 0.694141 0.413194 0.703125 0.411806 0.721484 0.399306 0.733594 0.395139 0.732812 0.390972 0.725391 0.390278 0.718359 0.392361 0.705078 0.400694 0.700391 0.400000 0.701562 0.392361 0.704688 0.387500 0.723828 0.378472 0.730078 0.370139 0.720703 0.372222 0.709766 0.370833 0.710156 0.363194 0.715625 0.351389
0 0.721094 0.340972 0.727344 0.344444 0.742969 0.347917 0.782813 0.352083 0.789844 0.349306 0.804688 0.349306 0.812500 0.344444 0.825781 0.343750 0.826562 0.339583 0.793750 0.338889 0.786328 0.336806 0.777734 0.343056 0.753906 0.343750 0.741016 0.340278 0.731641 0.334028 0.723047 0.332639
0 0.638672 0.273611 0.637891 0.259028 0.634766 0.254167 0.633203 0.257639 0.627734 0.256944 0.623828 0.262500 0.626563 0.264583 0.632031 0.263194 0.633984 0.268750 0.633594 0.271528
0 0.003906 0.281250 0.003906 0.332639 0.020313 0.335417 0.034375 0.343750 0.048828 0.345139 0.049609 0.340972 0.058203 0.327083 0.061328 0.318056 0.071875 0.306250 0.076172 0.306250 0.082031 0.311111 0.099609 0.308333 0.101562 0.313194 0.106250 0.315972 0.126953 0.319444 0.128125 0.329167 0.137500 0.329167 0.153906 0.334028 0.162109 0.345139 0.166797 0.345139 0.175391 0.340972 0.183203 0.330556 0.189062 0.327083 0.196484 0.325694 0.200000 0.322917 0.208203 0.322917 0.211719 0.327778 0.214844 0.327778 0.216016 0.332639 0.223047 0.335417 0.223438 0.346528 0.237500 0.351389 0.237891 0.354861 0.241406 0.354861 0.247656 0.361111 0.254297 0.375000 0.255078 0.381250 0.253516 0.389583 0.242188 0.423611 0.238281 0.432639 0.234375 0.437500 0.232422 0.451389 0.222656 0.479167 0.220312 0.499306 0.217188 0.508333 0.217188 0.511806 0.215234 0.512500 0.206250 0.559028 0.200000 0.566667 0.197266 0.575000 0.190234 0.585417 0.177344 0.593750 0.169141 0.595833 0.165625 0.600000 0.160938 0.600694 0.141406 0.620833 0.132812 0.638889 0.128125 0.657639 0.125391 0.661806 0.121875 0.673611 0.114844 0.687500 0.113672 0.695833 0.121094 0.709028 0.121875 0.730556 0.121094 0.744444 0.117578 0.766667 0.114844 0.772917 0.114844 0.777778 0.112891 0.782639 0.112891 0.799306 0.116406 0.806944 0.126953 0.813889 0.125000 0.842361 0.121094 0.859028 0.114062 0.870833 0.105469 0.879167 0.102344 0.884722 0.092969 0.886111 0.084375 0.892361 0.081641 0.897222 0.080078 0.904861 0.073438 0.915278 0.066797 0.920139 0.060937 0.930556 0.060156 0.935417 0.064844 0.935417 0.078906 0.922917 0.095312 0.922917 0.099219 0.925694 0.111719 0.927083 0.113281 0.924306 0.116797 0.906250 0.130859 0.883333 0.137109 0.859722 0.137500 0.827778 0.135937 0.806944 0.148828 0.776389 0.149609 0.758333 0.144922 0.750000 0.141406 0.736111 0.140625 0.713194 0.147656 0.675000 0.155078 0.653472 0.161719 0.640278 0.170703 0.631250 0.180859 0.615972 0.189453 0.606944 0.192969 0.605556 0.202344 0.587500 0.211328 0.552778 0.213672 0.537500 0.216797 0.527083 0.218359 0.513889 0.224219 0.495139 0.227734 0.488889 0.228125 0.484028 0.231641 0.479167 0.234375 0.469444 0.237891 0.463194 0.245703 0.433333 0.248438 0.429861 0.249219 0.425000 0.254297 0.413194 0.267188 0.414583 0.270313 0.411806 0.273047 0.402083 0.273047 0.378472 0.283203 0.374306 0.287500 0.368056 0.290234 0.361111 0.293359 0.340278 0.299219 0.332639 0.314453 0.332639 0.320312 0.327778 0.330078 0.327778 0.342578 0.318056 0.344141 0.318750 0.344141 0.323611 0.347656 0.334028 0.354687 0.332639 0.360938 0.325694 0.368750 0.324306 0.385547 0.342361 0.391406 0.340972 0.391797 0.349306 0.403906 0.397222 0.403906 0.409028 0.401562 0.415972 0.402734 0.429167 0.410547 0.441667 0.414062 0.453472 0.415234 0.462500 0.413672 0.462500 0.414844 0.471528 0.416016 0.472222 0.416797 0.469444 0.416797 0.492361 0.420703 0.500694 0.429688 0.507639 0.434766 0.515972 0.437109 0.524306 0.436328 0.526389 0.442969 0.536806 0.444141 0.554167 0.447656 0.559722 0.453516 0.561806 0.460938 0.572917 0.461328 0.586806 0.464062 0.590972 0.461328 0.590972 0.459766 0.588194 0.458594 0.589583 0.430078 0.581944 0.426953 0.582639 0.425781 0.587500 0.408594 0.586806 0.403125 0.583333 0.400000 0.572917 0.396094 0.568056 0.393750 0.568750 0.389844 0.576389 0.381641 0.576389 0.384375 0.581250 0.384375 0.585417 0.389844 0.584028 0.392188 0.586806 0.393359 0.591667 0.405859 0.602083 0.413672 0.594444 0.426953 0.591667 0.433984 0.592361 0.439453 0.596528 0.448047 0.599306 0.465625 0.597917 0.467578 0.605556 0.471094 0.611111 0.477734 0.613194 0.483594 0.621528 0.489844 0.625694 0.494531 0.624306 0.498437 0.627083 0.498828 0.629167 0.493750 0.634722 0.494922 0.640278 0.510938 0.643056 0.514062 0.649306 0.515234 0.655556 0.521484 0.655556 0.524609 0.660417 0.532813 0.661806 0.535547 0.668750 0.535937 0.665972 0.537109 0.670833 0.532422 0.675000 0.532813 0.684028 0.531641 0.686111 0.522266 0.687500 0.522266 0.692361 0.523828 0.696528 0.526563 0.697222 0.534766 0.690278 0.536719 0.683333 0.539453 0.683333 0.544922 0.696528 0.562109 0.703472 0.563281 0.709028 0.567969 0.713194 0.576953 0.731250 0.587891 0.734028 0.580859 0.736806 0.572656 0.747917 0.557422 0.748611 0.550391 0.742361 0.547656 0.737500 0.547656 0.734722 0.544531 0.730556 0.538281 0.727778 0.536328 0.723611 0.532031 0.722917 0.530469 0.728472 0.536328 0.732639 0.536719 0.740972 0.528516 0.747917 0.524219 0.748611 0.523047 0.753472 0.530859 0.750000 0.536328 0.750000 0.539453 0.755556 0.544531 0.755556 0.546094 0.759722 0.550781 0.762500 0.553516 0.762500 0.557422 0.757639 0.559375 0.757639 0.563672 0.762500 0.568359 0.760417 0.571875 0.761806 0.577344 0.752778 0.583203 0.753472 0.584766 0.761111 0.590234 0.756944 0.592578 0.758333 0.592969 0.748611 0.596484 0.745139 0.596875 0.740278 0.591016 0.732639 0.591016 0.717361 0.586719 0.715972 0.583594 0.709722 0.572656 0.696528 0.567187 0.695139 0.558594 0.681250 0.551953 0.679167 0.544531 0.670833 0.540234 0.663194 0.543359 0.655556 0.536328 0.653472 0.532813 0.648611 0.532422 0.634722 0.529687 0.628472 0.514062 0.623611 0.498828 0.608333 0.495312 0.608333 0.487500 0.598611 0.481641 0.586806 0.468750 0.574306 0.467578 0.565972 0.462891 0.551389 0.451172 0.536806 0.444922 0.508333 0.441406 0.503472 0.436719 0.500694 0.430859 0.490278 0.423438 0.484028 0.422266 0.475694 0.417187 0.466667 0.423047 0.455556 0.423438 0.447222 0.412109 0.418750 0.411328 0.396528 0.404687 0.372917 0.398438 0.339583 0.394531 0.333333 0.396484 0.330556 0.403906 0.330556 0.410156 0.338889 0.428125 0.350694 0.438281 0.361111 0.443750 0.361111 0.447266 0.356250 0.450391 0.356250 0.453516 0.351389 0.460938 0.346528 0.466406 0.346528 0.476953 0.353472 0.489844 0.356250 0.496484 0.348611 0.502344 0.347917 0.505469 0.345139 0.528906 0.345139 0.544922 0.367361 0.551562 0.386806 0.559766 0.403472 0.574609 0.402083 0.577344 0.407639 0.577344 0.410417 0.580078 0.413889 0.580078 0.416667 0.575391 0.418750 0.573828 0.424306 0.581641 0.429167 0.586328 0.419444 0.597656 0.418750 0.600391 0.422917 0.604688 0.422917 0.603906 0.424306 0.611719 0.427778 0.621875 0.435417 0.627344 0.443750 0.633203 0.447917 0.636719 0.455556 0.642969 0.461111 0.646094 0.468056 0.653516 0.471528 0.654297 0.477778 0.650781 0.479861 0.648828 0.484722 0.650391 0.490278 0.650000 0.494444 0.642188 0.511111 0.642578 0.523611 0.645703 0.533333 0.649219 0.524306 0.651953 0.506944 0.657422 0.496528 0.663281 0.491667 0.668750 0.493056 0.675000 0.498611 0.677344 0.503472 0.683594 0.506250 0.683984 0.509028 0.679688 0.517361 0.680078 0.521528 0.688281 0.519444 0.695703 0.512500 0.704297 0.512500 0.714453 0.515972 0.732031 0.527083 0.737500 0.534722 0.741406 0.534722 0.749219 0.540972 0.751563 0.547222 0.750781 0.543750 0.752734 0.544444 0.755469 0.550000 0.757031 0.565278 0.760547 0.575000 0.768359 0.578472 0.771484 0.586111 0.776172 0.588194 0.778125 0.593750 0.784375 0.595833 0.791016 0.604861 0.788281 0.611806 0.782813 0.616667 0.783594 0.620139 0.787891 0.625000 0.789453 0.631944 0.803125 0.632639 0.810156 0.630556 0.813672 0.634722 0.814453 0.645139 0.828516 0.649306 0.831250 0.656250 0.832031 0.662500 0.844141 0.662500 0.848437 0.667361 0.853125 0.669444 0.866797 0.670139 0.874219 0.662500 0.884375 0.658333 0.893359 0.664583 0.898438 0.672222 0.910547 0.672222 0.913281 0.667361 0.917578 0.672222 0.925000 0.672222 0.926562 0.674306 0.926953 0.682639 0.923438 0.689583 0.923828 0.693750 0.926562 0.695833 0.939844 0.696528 0.949219 0.715278 0.953125 0.719444 0.956641 0.729861 0.964844 0.738889 0.968750 0.739583 0.972656 0.735417 0.980469 0.736111 0.989844 0.741667 0.996094 0.737500 0.997656 0.725694 0.993359 0.725694 0.988672 0.715278 0.983984 0.721528 0.982031 0.721528 0.974219 0.710417 0.969922 0.699306 0.969922 0.693056 0.966797 0.695833 0.957031 0.697917 0.949609 0.697222 0.937500 0.678472 0.929688 0.669444 0.921875 0.664583 0.914453 0.647222 0.900781 0.647222 0.897266 0.640278 0.891016 0.640278 0.892578 0.638889 0.889453 0.638194 0.888672 0.633333 0.885547 0.629861 0.873437 0.628472 0.863281 0.636806 0.855469 0.636806 0.850000 0.634722 0.846875 0.627083 0.842187 0.622917 0.837109 0.622917 0.832031 0.626389 0.825000 0.612500 0.819141 0.611111 0.812500 0.602778 0.807813 0.601389 0.792969 0.579861 0.783984 0.560417 0.778125 0.553472 0.775000 0.552778 0.766797 0.538889 0.761328 0.532639 0.756641 0.531944 0.755469 0.516667 0.753125 0.511806 0.748828 0.509722 0.727344 0.487500 0.719141 0.485417 0.708984 0.478472 0.700391 0.465972 0.691016 0.457639 0.685156 0.448611 0.674609 0.441667 0.664844 0.429861 0.639453 0.429861 0.634375 0.425694 0.632422 0.419444 0.610547 0.407639 0.602344 0.406944 0.602344 0.400694 0.596094 0.397917 0.589063 0.389583 0.582812 0.386111 0.574219 0.361806 0.569141 0.352778 0.567187 0.352778 0.562500 0.343056 0.555469 0.340972 0.539844 0.340972 0.533594 0.331250 0.527344 0.327083 0.517188 0.315278 0.496094 0.315278 0.494141 0.311806 0.485156 0.310417 0.480859 0.315972 0.462500 0.324306 0.458203 0.329861 0.441797 0.329861 0.433984 0.327083 0.421484 0.310417 0.404687 0.311806 0.386719 0.295833 0.364063 0.288194 0.350000 0.279861 0.346484 0.288194 0.326562 0.288194 0.322656 0.293056 0.316797 0.294444 0.301172 0.293056 0.294922 0.288194 0.294922 0.285417 0.316797 0.284028 0.320703 0.281250 0.321875 0.277778 0.324609 0.277778 0.324609 0.272917 0.321484 0.270139 0.299609 0.270139 0.292187 0.266667 0.285938 0.268056 0.275781 0.289583 0.263281 0.300694 0.253125 0.300694 0.246094 0.294444 0.212891 0.294444 0.210938 0.297222 0.182812 0.295833 0.180859 0.293056 0.175000 0.290972 0.167187 0.281944 0.161328 0.263889 0.159375 0.261806 0.158594 0.248611 0.156250 0.244444 0.144531 0.240972 0.108203 0.244444 0.100781 0.247222 0.095703 0.251389 0.092969 0.257639 0.078125 0.268750 0.070703 0.268750 0.060547 0.261806 0.055469 0.261806 0.052344 0.267361 0.039062 0.279861 0.019922 0.281250 0.015625 0.273611 0.007812 0.273611
0 0.576562 0.238889 0.572656 0.237500 0.569531 0.245139 0.568750 0.253472 0.572266 0.247222 0.575391 0.245833
0 0.703516 0.236806 0.707812 0.244444 0.711328 0.245139 0.714453 0.250694 0.717578 0.251389 0.719531 0.256250 0.724609 0.256250 0.723828 0.251389 0.721875 0.250000 0.723437 0.248611 0.719141 0.246528 0.718359 0.243056 0.709375 0.236806
0 0.583594 0.237500 0.591016 0.242361 0.593750 0.239583 0.598437 0.246528 0.607031 0.246528 0.612891 0.252083 0.619922 0.253472 0.620703 0.256250 0.625781 0.254861 0.625781 0.251389 0.622266 0.247222 0.611328 0.246528 0.609766 0.239583 0.603125 0.235417 0.601562 0.240972 0.598828 0.236806 0.590625 0.236806 0.587109 0.233333
0 0.612891 0.229167 0.616797 0.236111 0.612500 0.235417 0.614844 0.237500 0.630859 0.240278 0.630469 0.227778 0.622266 0.228472 0.614453 0.225694
0 0.549609 0.211806 0.546875 0.208333 0.536719 0.206250 0.531641 0.229167 0.527344 0.236806 0.517578 0.243056 0.514062 0.249306 0.524609 0.249306 0.526953 0.252083 0.528516 0.259028 0.529687 0.246528 0.534766 0.236806 0.535937 0.222222 0.542969 0.214583 0.549609 0.217361
0 0.591406 0.155556 0.583984 0.154861 0.578906 0.158333 0.578125 0.163889 0.572266 0.170139 0.571875 0.177778 0.569922 0.179861 0.564453 0.179861 0.557031 0.173611 0.555078 0.166667 0.550000 0.157639 0.545312 0.158333 0.545312 0.168056 0.548047 0.174306 0.551172 0.175000 0.558594 0.181944 0.565234 0.185417 0.571094 0.185417 0.578125 0.178472 0.580469 0.168056 0.583594 0.164583 0.585547 0.168750 0.585938 0.176389 0.591016 0.161806
0 0.642578 0.077083 0.635547 0.083333 0.633203 0.079167 0.628516 0.079167 0.616016 0.102778 0.608984 0.108333 0.602344 0.125694 0.592969 0.131944 0.589063 0.144444 0.590625 0.140278 0.600781 0.132639 0.601953 0.128472 0.614844 0.107639 0.617969 0.105556 0.624219 0.092361 0.629297 0.088889 0.632422 0.093056 0.636719 0.093056 0.639062 0.083333
0 0.740625 0.020833 0.727734 0.020833 0.723437 0.024306 0.704688 0.027778 0.698828 0.032639 0.691797 0.032639 0.689063 0.029167 0.689844 0.025694 0.685937 0.025694 0.676562 0.036806 0.673047 0.029861 0.667188 0.026389 0.661328 0.026389 0.655078 0.031250 0.651172 0.031250 0.649219 0.038194 0.658594 0.036111 0.660156 0.032639 0.670312 0.034722 0.673047 0.040278 0.676953 0.040278 0.679688 0.036806 0.686719 0.034722 0.698047 0.038194 0.695703 0.040972 0.695703 0.043750 0.680859 0.043750 0.680469 0.041667 0.675391 0.041667 0.665625 0.046528 0.656250 0.054861 0.651172 0.068056 0.646484 0.069444 0.643750 0.075000 0.648828 0.075694 0.657422 0.062500 0.665234 0.056250 0.668359 0.051389 0.669141 0.061806 0.678516 0.050694 0.696875 0.048611 0.703516 0.041667 0.704297 0.035417 0.707031 0.032639 0.716406 0.033333 0.724219 0.029861 0.731641 0.029861 0.734375 0.027083 0.740234 0.027083
0 0.793750 0.004167 0.792188 0.001389 0.786719 0.001389 0.787500 0.002778 0.782813 0.004861 0.770703 0.005556 0.768750 0.009028 0.764062 0.010417 0.761328 0.015278 0.751172 0.022917 0.751953 0.026389 0.754687 0.027083 0.761328 0.017361 0.784375 0.011111 0.785156 0.012500 0.782813 0.018750 0.781641 0.031250 0.776953 0.040278 0.773047 0.040278 0.762500 0.033333 0.758594 0.038194 0.747656 0.036806 0.746094 0.034722 0.746094 0.029861 0.749609 0.025694 0.746484 0.022917 0.732812 0.043750 0.728906 0.044444 0.727344 0.038889 0.725391 0.038194 0.717578 0.045833 0.712109 0.047222 0.708984 0.055556 0.707031 0.052778 0.704297 0.052778 0.702734 0.056250 0.698047 0.055556 0.693750 0.063194 0.693750 0.067361 0.698438 0.065278 0.700391 0.072222 0.705859 0.068750 0.710938 0.077083 0.716406 0.066667 0.717187 0.056944 0.718359 0.054861 0.731250 0.057639 0.736328 0.054861 0.741797 0.048611 0.746484 0.047222 0.751563 0.052083 0.755078 0.052083 0.759375 0.056944 0.763672 0.057639 0.769531 0.068056 0.772656 0.069444 0.770312 0.072222 0.763672 0.100694 0.758203 0.104861 0.750391 0.116667 0.748047 0.128472 0.750000 0.129861 0.748047 0.134028 0.742188 0.134722 0.735938 0.126389 0.731250 0.126389 0.722266 0.132639 0.721875 0.136806 0.733203 0.136806 0.737109 0.134028 0.739453 0.145139 0.744141 0.144444 0.749609 0.153472 0.746484 0.172917 0.743750 0.177083 0.739844 0.179167 0.739844 0.187500 0.735938 0.188889 0.732422 0.193056 0.728125 0.203472 0.726172 0.220139 0.722656 0.226389 0.720313 0.227778 0.716406 0.224306 0.710156 0.223611 0.705859 0.229861 0.696094 0.229861 0.693359 0.227778 0.692969 0.223611 0.687891 0.213889 0.676172 0.213889 0.670703 0.209028 0.663281 0.215278 0.660937 0.223611 0.667969 0.214583 0.671875 0.214583 0.676172 0.222917 0.681250 0.219444 0.687109 0.220139 0.692969 0.229167 0.689453 0.233333 0.680469 0.235417 0.678125 0.237500 0.676562 0.242361 0.678906 0.242361 0.686719 0.234722 0.693750 0.234028 0.696094 0.231250 0.705078 0.232639 0.705078 0.235417 0.710938 0.231250 0.723828 0.233333 0.725000 0.231944 0.725391 0.228472 0.727734 0.225000 0.728516 0.215278 0.731641 0.204861 0.733594 0.202083 0.733984 0.210417 0.735547 0.209028 0.741797 0.193056 0.743750 0.191667 0.744531 0.186111 0.749609 0.177083 0.750781 0.153472 0.753516 0.149306 0.753516 0.132639 0.761328 0.123611 0.773438 0.094444 0.780078 0.092361 0.782813 0.088194 0.783203 0.053472 0.783984 0.049306 0.788281 0.041667 0.788281 0.031944 0.792188 0.020139
