0 0.196484 0.760417 0.186719 0.761806 0.182812 0.770833 0.176953 0.770833 0.173828 0.765278 0.170313 0.769444 0.164453 0.761111 0.154688 0.761111 0.152734 0.764583 0.151562 0.775694 0.148047 0.777083 0.145313 0.781250 0.144531 0.793056 0.154688 0.777778 0.161719 0.770833 0.175391 0.772222 0.177344 0.774306 0.178516 0.780556 0.186328 0.780556 0.191797 0.766667 0.196484 0.763889
0 0.531641 0.572222 0.520312 0.577778 0.522656 0.579167 0.512500 0.597222 0.510938 0.608333 0.507812 0.613194 0.503125 0.615972 0.502734 0.621528 0.495703 0.645139 0.489063 0.655556 0.489063 0.657639 0.509766 0.630556 0.514062 0.618750 0.517578 0.598611 0.525391 0.580556 0.528906 0.579167 0.532031 0.581250
0 0.517969 0.539583 0.519922 0.558333 0.528906 0.556944 0.532422 0.561806 0.536719 0.561806 0.539062 0.566667 0.549609 0.568056 0.551953 0.565278 0.551953 0.560417 0.549609 0.557639 0.538281 0.556250 0.535156 0.547917 0.528906 0.549306 0.525000 0.540972
0 0.536719 0.502778 0.530859 0.501389 0.511719 0.506944 0.499219 0.527778 0.496875 0.535417 0.495312 0.548611 0.518750 0.521528 0.528516 0.521528 0.530469 0.518056 0.531250 0.511806 0.536719 0.506944
0 0.501172 0.477083 0.494922 0.477083 0.490625 0.479861 0.478516 0.501389 0.467578 0.507639 0.465234 0.513889 0.465234 0.520139 0.462891 0.527778 0.455469 0.537500 0.454688 0.552778 0.463281 0.537500 0.467187 0.537500 0.477734 0.529167 0.480859 0.531250 0.486719 0.529861 0.487891 0.527778 0.487891 0.521528 0.481250 0.511806 0.480859 0.500694 0.482031 0.497917 0.491406 0.490972 0.495312 0.482639
0 0.996875 0.754861 0.982031 0.746528 0.974219 0.736111 0.959766 0.734722 0.945703 0.722917 0.941797 0.715278 0.934766 0.709028 0.920703 0.709028 0.917188 0.715278 0.915234 0.715278 0.910547 0.704861 0.911328 0.695833 0.914453 0.693750 0.915234 0.689583 0.915234 0.678472 0.909375 0.678472 0.906250 0.681250 0.901953 0.690972 0.892578 0.695833 0.881250 0.693056 0.868750 0.684722 0.842969 0.684722 0.838281 0.681250 0.828125 0.681250 0.825781 0.679861 0.824609 0.676389 0.824609 0.661806 0.821094 0.659028 0.780469 0.659028 0.774609 0.652083 0.768359 0.652083 0.762109 0.645833 0.758984 0.645139 0.758984 0.628472 0.755469 0.622917 0.755469 0.620139 0.751172 0.620139 0.746484 0.611806 0.737500 0.606944 0.727344 0.606250 0.719922 0.602083 0.716797 0.597917 0.692969 0.594444 0.684766 0.584722 0.681641 0.584722 0.679297 0.579861 0.677344 0.582639 0.669922 0.563889 0.662500 0.562500 0.652344 0.555556 0.639844 0.554167 0.639062 0.510417 0.635938 0.492361 0.625781 0.470139 0.625781 0.447917 0.624609 0.443750 0.618359 0.439583 0.616016 0.439583 0.614844 0.443056 0.607422 0.447917 0.603516 0.454861 0.602344 0.466667 0.609375 0.470833 0.613281 0.480556 0.613281 0.493750 0.617188 0.499306 0.620703 0.510417 0.624219 0.527083 0.624219 0.538194 0.628906 0.549306 0.631641 0.564583 0.633984 0.568750 0.623047 0.583333 0.615234 0.587500 0.603125 0.605556 0.589844 0.635417 0.585156 0.642361 0.583984 0.647917 0.566797 0.660417 0.563672 0.665972 0.558203 0.670139 0.540234 0.678472 0.515234 0.709028 0.504297 0.716667 0.480859 0.716667 0.469922 0.723611 0.460156 0.725000 0.441016 0.723611 0.439844 0.726389 0.418750 0.726389 0.412891 0.716667 0.383984 0.711806 0.376172 0.719444 0.370312 0.731250 0.369531 0.740972 0.366016 0.744444 0.369141 0.742361 0.368750 0.745139 0.364063 0.750000 0.363281 0.749306 0.364453 0.745833 0.350000 0.754167 0.345703 0.754167 0.340625 0.746528 0.339062 0.735417 0.333984 0.723611 0.329297 0.724306 0.318750 0.736806 0.309766 0.740972 0.268359 0.739583 0.257422 0.744444 0.251172 0.753472 0.250391 0.751389 0.238281 0.750694 0.230859 0.746528 0.226562 0.738889 0.219922 0.733333 0.209375 0.734028 0.203125 0.731944 0.205469 0.728472 0.213281 0.727083 0.217969 0.731250 0.222656 0.730556 0.232031 0.739583 0.240234 0.739583 0.241797 0.744444 0.252344 0.745139 0.253516 0.740972 0.244922 0.733333 0.235937 0.735417 0.230859 0.725000 0.221484 0.720139 0.217188 0.715278 0.212891 0.715278 0.209375 0.710417 0.204297 0.710417 0.200391 0.707639 0.189453 0.684722 0.160547 0.683333 0.150391 0.675000 0.122266 0.673611 0.113281 0.660417 0.107813 0.659028 0.101172 0.652778 0.080469 0.650694 0.073047 0.640278 0.071484 0.633333 0.067578 0.627778 0.061719 0.612500 0.055078 0.600694 0.050391 0.597222 0.044141 0.577778 0.041797 0.577083 0.041406 0.575000 0.033594 0.575000 0.021484 0.584722 0.017188 0.590972 0.011328 0.590972 0.013281 0.584722 0.011719 0.584722 0.002734 0.594444 0.003516 0.609722 0.007812 0.613194 0.017969 0.611806 0.028906 0.602083 0.032422 0.602083 0.035156 0.609722 0.049609 0.614583 0.057031 0.636111 0.059766 0.639583 0.062500 0.653472 0.065234 0.659722 0.074219 0.666667 0.098047 0.666667 0.105469 0.671528 0.111719 0.671528 0.121484 0.690278 0.151172 0.704861 0.151562 0.706944 0.155078 0.706944 0.157031 0.709722 0.169531 0.713194 0.172656 0.718056 0.169922 0.727083 0.164844 0.730556 0.164844 0.738889 0.161328 0.745833 0.170313 0.745139 0.170703 0.735417 0.175000 0.722917 0.178125 0.725694 0.182031 0.722917 0.183984 0.719444 0.185938 0.708333 0.188281 0.709028 0.183984 0.726389 0.194922 0.722222 0.196484 0.712500 0.201953 0.715972 0.205078 0.720139 0.201563 0.727083 0.201563 0.733333 0.198437 0.736111 0.199609 0.738194 0.212109 0.740972 0.214844 0.745833 0.221875 0.745833 0.222656 0.747917 0.228516 0.750000 0.229687 0.755556 0.233984 0.757639 0.248828 0.756944 0.243750 0.768750 0.239453 0.768750 0.223828 0.757639 0.213672 0.754167 0.210547 0.748611 0.205078 0.748611 0.192578 0.753472 0.192188 0.755556 0.206641 0.756944 0.215234 0.765278 0.225000 0.766667 0.228906 0.770139 0.233203 0.770833 0.233984 0.772222 0.229297 0.779167 0.228906 0.785417 0.237109 0.780556 0.251953 0.784028 0.263281 0.775694 0.271094 0.775694 0.277734 0.772917 0.283984 0.765972 0.293750 0.761111 0.296484 0.765972 0.303906 0.765972 0.312109 0.759722 0.316797 0.759722 0.326953 0.753472 0.332422 0.753472 0.335547 0.759722 0.336719 0.765972 0.340234 0.769444 0.347656 0.782639 0.360156 0.782639 0.364844 0.775694 0.371094 0.753472 0.383594 0.754861 0.389844 0.752083 0.393750 0.746528 0.403516 0.738889 0.419922 0.738889 0.420312 0.736806 0.461719 0.736806 0.466406 0.734028 0.477344 0.734028 0.480078 0.730556 0.487891 0.730556 0.493359 0.727778 0.500000 0.729167 0.505078 0.735417 0.519922 0.735417 0.529687 0.729167 0.538281 0.718750 0.547656 0.711806 0.555859 0.700694 0.560547 0.698611 0.570312 0.688889 0.598437 0.653472 0.601172 0.652083 0.605078 0.643750 0.608594 0.643750 0.610547 0.640278 0.615234 0.638889 0.630469 0.625694 0.642188 0.622917 0.650391 0.615972 0.667578 0.609722 0.672266 0.604861 0.675781 0.596528 0.675000 0.620833 0.687500 0.630556 0.696094 0.632639 0.699609 0.638889 0.705078 0.642361 0.712891 0.635417 0.723437 0.635417 0.733984 0.642361 0.740234 0.643750 0.748047 0.660417 0.752344 0.675000 0.755469 0.680556 0.763672 0.688889 0.770312 0.688889 0.778516 0.698611 0.792188 0.698611 0.798828 0.693750 0.809375 0.690278 0.811328 0.693056 0.811328 0.706944 0.815625 0.711111 0.816797 0.722222 0.821094 0.740278 0.823047 0.740278 0.832812 0.724306 0.849219 0.719444 0.859375 0.719444 0.882422 0.743750 0.887891 0.742361 0.891406 0.737500 0.896875 0.734028 0.908984 0.735417 0.923047 0.750694 0.928516 0.772222 0.932422 0.779167 0.937891 0.777778 0.942578 0.765972 0.948828 0.765972 0.959375 0.774306 0.970703 0.775694 0.975781 0.780556 0.978906 0.789583 0.978906 0.813194 0.982422 0.813194 0.986719 0.808333 0.989453 0.808333 0.989453 0.805556 0.991797 0.802778 0.994922 0.786806 0.994922 0.755556
0 0.601172 0.449306 0.587891 0.439583 0.579297 0.438194 0.573438 0.434722 0.563281 0.434722 0.559375 0.441667 0.554297 0.445833 0.544141 0.445833 0.537891 0.440972 0.533203 0.445833 0.528516 0.456250 0.514062 0.462500 0.503516 0.476389 0.509766 0.477778 0.523438 0.469444 0.535937 0.466667 0.536328 0.471528 0.532031 0.479861 0.528906 0.492361 0.538672 0.484028 0.553516 0.481250 0.556250 0.487500 0.558594 0.487500 0.567578 0.481250 0.573828 0.481250 0.583203 0.472917 0.588281 0.457639 0.600391 0.456944
0 0.505078 0.289583 0.492969 0.289583 0.488672 0.294444 0.486719 0.294444 0.483594 0.306250 0.483594 0.317361 0.487109 0.327778 0.501172 0.327778 0.510547 0.337500 0.512891 0.337500 0.516016 0.345139 0.515234 0.368750 0.510938 0.384028 0.503516 0.400000 0.496875 0.404167 0.489844 0.413194 0.487891 0.423611 0.482422 0.437500 0.482422 0.445139 0.483594 0.447222 0.494922 0.447222 0.498047 0.444444 0.501953 0.431944 0.502734 0.418750 0.505859 0.411806 0.509375 0.409722 0.509766 0.404861 0.523047 0.404861 0.523828 0.385417 0.521094 0.377778 0.521094 0.364583 0.522656 0.357639 0.530078 0.347222 0.530078 0.333333 0.525000 0.316667 0.517969 0.315278 0.516797 0.306944
0 0.453125 0.111806 0.450000 0.114583 0.448437 0.118750 0.447656 0.133333 0.446094 0.140278 0.437891 0.154861 0.435937 0.175000 0.426953 0.202778 0.434375 0.197222 0.441797 0.197222 0.455078 0.214583 0.462891 0.229167 0.466797 0.230556 0.471094 0.222917 0.471484 0.220139 0.469922 0.217361 0.470703 0.215972 0.464453 0.203472 0.458203 0.197222 0.456641 0.187500 0.452734 0.180556 0.451953 0.168056 0.453906 0.163194 0.453906 0.153472 0.455469 0.145139 0.455469 0.119444
0 0.446875 0.064583 0.437891 0.069444 0.441406 0.070833 0.434375 0.075000 0.423047 0.075000 0.420312 0.079861 0.416016 0.079861 0.410938 0.065972 0.410156 0.059722 0.404297 0.049306 0.404297 0.061806 0.398828 0.071528 0.398828 0.081944 0.401562 0.090278 0.393359 0.100694 0.392188 0.109028 0.390234 0.109028 0.378516 0.126389 0.368359 0.126389 0.363281 0.121528 0.353906 0.118750 0.352344 0.121528 0.353125 0.127083 0.355859 0.130556 0.360938 0.131944 0.366797 0.136806 0.369922 0.147222 0.373047 0.147222 0.378516 0.142361 0.386719 0.130556 0.402734 0.121528 0.406641 0.111806 0.412109 0.104861 0.418750 0.118056 0.423047 0.118056 0.435937 0.109028 0.438281 0.095139 0.444531 0.074306 0.444531 0.071528 0.441797 0.070139
0 0.622656 0.005556 0.619531 0.006250 0.611328 0.016667 0.606641 0.025000 0.601172 0.042361 0.601172 0.072917 0.599609 0.084028 0.599609 0.106250 0.597656 0.115278 0.597656 0.127778 0.592969 0.136111 0.588672 0.150000 0.586719 0.181944 0.579297 0.210417 0.577734 0.225000 0.575781 0.231250 0.575781 0.238194 0.574219 0.241667 0.574219 0.265972 0.573047 0.268750 0.573047 0.295139 0.574219 0.297222 0.563672 0.297917 0.554297 0.306944 0.550000 0.325694 0.547266 0.330556 0.539844 0.333333 0.537891 0.345833 0.537891 0.377778 0.539062 0.381250 0.537891 0.404167 0.539844 0.416667 0.539844 0.431944 0.546484 0.420833 0.565625 0.421528 0.567578 0.419444 0.573047 0.419444 0.579688 0.426389 0.585547 0.426389 0.592187 0.419444 0.594141 0.419444 0.603125 0.427778 0.605859 0.434028 0.612891 0.434028 0.617969 0.422222 0.624609 0.415278 0.626563 0.410417 0.625781 0.395833 0.618359 0.411111 0.615234 0.413194 0.615234 0.416667 0.609766 0.425000 0.604688 0.425000 0.596484 0.415278 0.590625 0.412500 0.584375 0.412500 0.577734 0.402778 0.566406 0.402778 0.558203 0.409028 0.553125 0.407639 0.554688 0.391667 0.551562 0.377083 0.547266 0.372917 0.544141 0.361806 0.544141 0.354861 0.549609 0.343750 0.552344 0.342361 0.555859 0.336111 0.560156 0.315278 0.565234 0.309722 0.573828 0.309028 0.574609 0.311111 0.577734 0.300000 0.579297 0.298611 0.580859 0.286111 0.584766 0.272917 0.584766 0.242361 0.587500 0.232639 0.591797 0.206250 0.591797 0.189583 0.595703 0.180556 0.599219 0.179167 0.601953 0.174306 0.601953 0.165278 0.595313 0.156250 0.595313 0.147222 0.601172 0.135417 0.603516 0.126389 0.604688 0.088889 0.611719 0.075000 0.611719 0.066667 0.608203 0.066667 0.604688 0.056944 0.604688 0.042361 0.607422 0.034028 0.614062 0.035417 0.621094 0.025694 0.622656 0.021528
