0 0.957031 0.729861 0.944922 0.729861 0.940234 0.739583 0.939063 0.751389 0.934766 0.759028 0.933594 0.765972 0.935937 0.770139 0.944922 0.769444 0.946875 0.765278 0.951562 0.763194 0.952344 0.747917 0.955078 0.743750 0.956641 0.732639 0.957422 0.736111
0 0.859375 0.673611 0.860156 0.678472 0.862891 0.681944 0.874219 0.686806 0.875781 0.689583 0.874609 0.691667 0.868359 0.691667 0.867578 0.697222 0.871484 0.702083 0.871484 0.709722 0.884375 0.729861 0.889062 0.729861 0.892969 0.726389 0.907031 0.702083 0.913672 0.699306 0.912500 0.695139 0.900391 0.696528 0.896875 0.690278 0.893750 0.690278 0.894141 0.695139 0.896875 0.700000 0.896875 0.704861 0.891016 0.707639 0.888672 0.713889 0.887109 0.714583 0.884766 0.709722 0.879687 0.709028 0.878125 0.704167 0.878516 0.692361 0.884375 0.689583 0.884375 0.686806 0.878906 0.682639 0.869141 0.680556 0.862500 0.674306
0 0.630078 0.605556 0.630469 0.607639 0.633203 0.609028 0.641797 0.598611 0.653125 0.598611 0.653516 0.600694 0.656250 0.600694 0.657813 0.598611 0.667188 0.597917 0.673438 0.605556 0.676953 0.606944 0.676562 0.618056 0.659375 0.617361 0.671484 0.627778 0.682813 0.626389 0.689063 0.621528 0.694922 0.621528 0.697656 0.624306 0.700391 0.616667 0.707422 0.617361 0.719531 0.624306 0.728125 0.636111 0.733203 0.636111 0.736328 0.631250 0.744922 0.626389 0.752344 0.627778 0.752734 0.629167 0.750000 0.631944 0.750000 0.635417 0.753125 0.639583 0.755859 0.639583 0.753906 0.640972 0.767188 0.647917 0.771094 0.656250 0.769141 0.659722 0.763281 0.659722 0.752344 0.654861 0.753125 0.658333 0.760938 0.663889 0.776563 0.662500 0.778125 0.666667 0.774609 0.673611 0.776563 0.678472 0.792578 0.678472 0.799609 0.689583 0.806250 0.696528 0.810547 0.704861 0.816797 0.710417 0.821875 0.723611 0.827734 0.734028 0.839844 0.738194 0.849219 0.727778 0.854688 0.727083 0.866406 0.740972 0.875391 0.763889 0.880859 0.768750 0.887500 0.769444 0.887500 0.775694 0.885547 0.773611 0.891797 0.794444 0.894922 0.797917 0.900000 0.797917 0.914453 0.790972 0.949609 0.798611 0.961719 0.798611 0.974609 0.793750 0.976562 0.786111 0.976953 0.766667 0.980859 0.756944 0.988281 0.748611 0.998047 0.752083 0.997656 0.734028 0.987891 0.734028 0.978906 0.743750 0.973047 0.743750 0.970313 0.747222 0.967969 0.754861 0.966016 0.772222 0.963281 0.779861 0.955469 0.783333 0.945312 0.782639 0.940234 0.779861 0.928125 0.765972 0.910156 0.765278 0.903125 0.756250 0.912891 0.759028 0.911328 0.743750 0.904687 0.736111 0.899219 0.740278 0.898828 0.746528 0.900781 0.752083 0.900000 0.752778 0.878906 0.735417 0.858984 0.711806 0.830078 0.706250 0.822266 0.694444 0.810547 0.684722 0.808594 0.677778 0.801562 0.669444 0.796094 0.657639 0.787109 0.648611 0.780469 0.637500 0.775781 0.634722 0.772266 0.629861 0.754297 0.628472 0.758203 0.623611 0.758203 0.620139 0.751563 0.612500 0.742188 0.610417 0.738281 0.613889 0.733984 0.613889 0.711719 0.596528 0.709375 0.596528 0.704688 0.603472 0.693359 0.604861 0.678516 0.596528 0.651953 0.590972 0.635547 0.596528
0 0.663672 0.556944 0.661328 0.556250 0.659375 0.560417 0.652344 0.561111 0.652344 0.566667 0.646094 0.570833 0.645703 0.575000 0.657422 0.572917 0.658594 0.568056 0.662891 0.567361
0 0.644922 0.543750 0.640234 0.537500 0.636328 0.537500 0.631641 0.541667 0.625391 0.538194 0.621094 0.538194 0.616406 0.544444 0.613672 0.544444 0.612891 0.539583 0.608203 0.539583 0.604688 0.547222 0.600781 0.547917 0.600000 0.554861 0.602344 0.554861 0.601953 0.552778 0.618359 0.552083 0.621094 0.547917 0.625781 0.545833 0.644922 0.546528
0 0.585938 0.500000 0.583984 0.504861 0.584766 0.510417
0 0.493750 0.434028 0.506250 0.445139 0.514453 0.436111 0.519141 0.440278 0.536719 0.438889 0.543750 0.453472 0.552734 0.454861 0.558984 0.463889 0.569922 0.465972 0.572656 0.470833 0.573438 0.479167 0.575000 0.481944 0.588672 0.484028 0.597266 0.491667 0.595703 0.493750 0.586719 0.498611 0.595703 0.498611 0.585547 0.524306 0.585156 0.513194 0.584766 0.525000 0.583203 0.529167 0.583984 0.534722 0.589063 0.534722 0.598828 0.517361 0.603906 0.515972 0.607812 0.529167 0.614062 0.536806 0.621484 0.536806 0.627734 0.531944 0.636719 0.531944 0.638281 0.529167 0.644922 0.536806 0.644141 0.538194 0.649609 0.545833 0.647266 0.550000 0.645703 0.550000 0.646484 0.556250 0.642188 0.561111 0.638672 0.575694 0.643359 0.572917 0.648047 0.561111 0.650391 0.562500 0.649609 0.545833 0.658203 0.553472 0.676562 0.554861 0.681641 0.559028 0.689453 0.570139 0.696484 0.570833 0.703125 0.575694 0.715234 0.575694 0.719922 0.571528 0.723047 0.574306 0.728516 0.575000 0.732422 0.570139 0.741016 0.568056 0.741797 0.557639 0.740625 0.556250 0.730469 0.561111 0.728125 0.564583 0.721875 0.565278 0.711719 0.564583 0.707422 0.561111 0.705469 0.556944 0.695703 0.556944 0.692969 0.552083 0.689063 0.549306 0.689453 0.546528 0.698047 0.546528 0.710156 0.540972 0.709375 0.534028 0.697266 0.530556 0.691797 0.537500 0.683984 0.537500 0.676562 0.534028 0.669922 0.526389 0.657422 0.525000 0.648438 0.516667 0.636719 0.514583 0.635156 0.517361 0.627734 0.500694 0.620313 0.493750 0.619922 0.488889 0.617188 0.484028 0.607812 0.482639 0.600391 0.489583 0.600391 0.472222 0.593359 0.464583 0.587891 0.452083 0.576562 0.447917 0.572266 0.450694 0.569531 0.449306 0.564453 0.438889 0.555078 0.437500 0.540625 0.418750 0.508984 0.415972 0.506250 0.423611 0.499609 0.425694 0.495703 0.429861 0.495312 0.434028
0 0.268359 0.384722 0.270313 0.387500 0.269922 0.389583 0.278516 0.380556 0.288281 0.379861 0.293359 0.386111 0.295312 0.392361 0.299219 0.395139 0.325781 0.395139 0.336719 0.403472 0.340625 0.409028 0.347656 0.411806 0.354297 0.420833 0.362109 0.422222 0.370703 0.443056 0.378125 0.448611 0.380469 0.452778 0.383984 0.470139 0.389844 0.472222 0.409375 0.500000 0.413672 0.514583 0.423828 0.514583 0.426563 0.521528 0.431250 0.524306 0.435547 0.535417 0.437109 0.545833 0.439453 0.549306 0.444922 0.550000 0.444922 0.555556 0.463281 0.549306 0.467969 0.550000 0.472266 0.558333 0.482422 0.563194 0.485547 0.568750 0.491016 0.571528 0.494922 0.576389 0.503125 0.574306 0.514844 0.586111 0.517188 0.586111 0.522656 0.579861 0.528125 0.579167 0.535937 0.586111 0.546484 0.588889 0.548438 0.584722 0.553906 0.584722 0.560547 0.590278 0.570703 0.590278 0.578906 0.571528 0.583203 0.570139 0.590234 0.582639 0.595313 0.583333 0.601172 0.587500 0.605469 0.595833 0.607812 0.604167 0.608984 0.604861 0.609375 0.602778 0.611328 0.605556 0.609766 0.605556 0.611328 0.612500 0.614062 0.615278 0.618750 0.613889 0.619531 0.600694 0.621875 0.600000 0.621875 0.594444 0.620313 0.591667 0.607422 0.588889 0.605469 0.584722 0.603125 0.567361 0.601172 0.565278 0.594531 0.564583 0.584375 0.554167 0.577734 0.554167 0.570703 0.559028 0.546484 0.561806 0.528516 0.561806 0.504297 0.556944 0.494141 0.559028 0.488672 0.550694 0.480859 0.547917 0.475781 0.536806 0.469141 0.537500 0.464453 0.534028 0.449609 0.534028 0.452734 0.527778 0.457031 0.511806 0.462891 0.516667 0.473828 0.515972 0.473828 0.511111 0.469922 0.502778 0.458984 0.499306 0.450391 0.513194 0.445703 0.514583 0.440234 0.511806 0.434375 0.503472 0.430469 0.494444 0.427344 0.497222 0.425781 0.495833 0.422656 0.479167 0.417578 0.468056 0.413672 0.464583 0.408984 0.464583 0.404687 0.461806 0.394531 0.461111 0.390625 0.454167 0.388281 0.442361 0.385547 0.438889 0.369922 0.436806 0.369922 0.422222 0.366797 0.412500 0.357422 0.409722 0.353516 0.404861 0.352734 0.397222 0.354687 0.393750 0.355078 0.385417 0.362500 0.381250 0.362109 0.383333 0.375391 0.386111 0.382812 0.379861 0.387891 0.368750 0.391406 0.368750 0.392578 0.366667 0.392188 0.360417 0.383203 0.360417 0.381250 0.365278 0.380469 0.361806 0.372656 0.354167 0.354687 0.350000 0.353125 0.347222 0.342187 0.347917 0.334766 0.354167 0.330078 0.363889 0.331641 0.364583 0.328906 0.369444 0.328516 0.367361 0.303516 0.365278 0.298828 0.363194 0.292578 0.356250 0.285547 0.356250 0.284766 0.359028 0.286328 0.361806 0.297656 0.367361 0.302344 0.372222 0.313281 0.375000 0.330078 0.375694 0.338281 0.369444 0.344141 0.368750 0.354297 0.362500 0.357031 0.362500 0.362500 0.367361 0.367188 0.366667 0.368359 0.364583 0.380078 0.366667 0.379297 0.370139 0.362500 0.370139 0.356250 0.377778 0.350391 0.379861 0.349609 0.382639 0.351172 0.384028 0.349219 0.386806 0.344141 0.386111 0.337891 0.381250 0.309766 0.384722 0.303906 0.380556 0.295312 0.370139 0.287500 0.370139 0.273438 0.378472
0 0.361328 0.320833 0.363672 0.325694 0.382812 0.345833 0.397656 0.350000 0.400781 0.359722 0.413281 0.361806 0.421875 0.372222 0.430469 0.375000 0.433203 0.385417 0.438281 0.392361 0.448047 0.392361 0.453125 0.388889 0.458594 0.388889 0.459375 0.396528 0.463281 0.403472 0.478516 0.414583 0.476953 0.418056 0.470703 0.418750 0.470313 0.421528 0.483594 0.422222 0.492969 0.426389 0.503906 0.411806 0.508594 0.410417 0.508203 0.396528 0.504297 0.396528 0.496094 0.390278 0.488281 0.379861 0.471875 0.372222 0.460156 0.370833 0.442969 0.355556 0.428125 0.354167 0.419531 0.344444 0.412500 0.340972 0.383203 0.338194 0.380078 0.334722 0.371875 0.331250 0.365234 0.322917
0 0.213281 0.358333 0.218359 0.365972 0.228516 0.368750 0.249609 0.363889 0.260547 0.363889 0.262891 0.361806 0.273047 0.362500 0.276172 0.364583 0.278125 0.362500 0.277734 0.354861 0.274219 0.346528 0.267188 0.348611 0.255469 0.347222 0.243750 0.334028 0.237891 0.329861 0.229687 0.317361 0.228516 0.319444 0.228516 0.326389 0.229687 0.332639 0.229687 0.329861 0.230859 0.329167 0.232813 0.343056 0.229297 0.347917 0.222656 0.347917 0.218359 0.350694 0.221875 0.356944 0.221875 0.361806 0.216797 0.362500
0 0.217188 0.260417 0.216797 0.263194 0.219141 0.272917 0.226562 0.275000 0.229297 0.284028 0.234375 0.289583 0.246484 0.289583 0.253516 0.293056 0.260937 0.301389 0.266016 0.301389 0.258203 0.281944 0.247266 0.279861 0.242969 0.276389 0.238672 0.264583 0.231250 0.261111
0 0.098437 0.193056 0.100000 0.204167 0.102734 0.206944 0.108594 0.205556 0.108594 0.202083 0.105469 0.196528 0.103516 0.195833 0.103125 0.192361
0 0.000781 0.147917 0.000781 0.155556 0.007031 0.168750 0.009766 0.163889 0.012891 0.162500 0.016797 0.173611 0.019922 0.177778 0.023828 0.177083 0.026172 0.172917 0.030078 0.172917 0.037109 0.179861 0.038281 0.184722 0.047656 0.185417 0.049609 0.194444 0.059766 0.194444 0.063672 0.198611 0.069531 0.200000 0.071875 0.203472 0.075391 0.203472 0.078516 0.208333 0.091797 0.210417 0.101953 0.221528 0.112109 0.225694 0.121094 0.243750 0.126562 0.243750 0.128906 0.240278 0.132422 0.244444 0.132422 0.247222 0.136328 0.247222 0.142578 0.254167 0.153125 0.261806 0.160938 0.264583 0.163672 0.268056 0.167969 0.268056 0.174609 0.277083 0.177734 0.277083 0.182422 0.282639 0.188672 0.284722 0.195312 0.297222 0.201563 0.295139 0.209375 0.300000 0.219141 0.302778 0.224219 0.308333 0.223438 0.311806 0.221875 0.311806 0.222656 0.313889 0.241797 0.317361 0.244141 0.321528 0.247266 0.320139 0.251563 0.326389 0.262891 0.327778 0.264062 0.332639 0.267578 0.329861 0.273047 0.331944 0.275000 0.329167 0.274609 0.325000 0.268750 0.325000 0.262500 0.319444 0.251563 0.315278 0.245703 0.310417 0.230859 0.305556 0.219141 0.295833 0.212891 0.294444 0.199609 0.284722 0.188672 0.279861 0.183594 0.279861 0.178125 0.268750 0.174609 0.268750 0.169141 0.261111 0.159766 0.259028 0.154297 0.252083 0.148828 0.252083 0.133594 0.234722 0.127734 0.233333 0.124609 0.223611 0.120313 0.227778 0.114062 0.220833 0.112500 0.222222 0.110547 0.215972 0.096094 0.207639 0.091016 0.202778 0.083203 0.202083 0.072656 0.189583 0.051172 0.177778 0.044141 0.177778 0.042969 0.170833 0.039453 0.166667 0.030078 0.165972 0.023438 0.162500 0.020703 0.159028 0.019922 0.151389 0.017578 0.150694 0.016016 0.153472 0.011719 0.154167 0.004297 0.145139 0.001953 0.144444
0 0.000000 0.090972 0.000000 0.102778 0.001953 0.108333 0.001953 0.114583 0.004687 0.119444 0.003516 0.125000 0.003516 0.130556 0.005469 0.131250 0.004687 0.133333 0.007031 0.131250 0.005078 0.130556 0.008594 0.122917 0.012109 0.120833 0.029297 0.121528 0.027344 0.118750 0.023047 0.118056 0.017188 0.109028 0.010156 0.108333 0.007031 0.113889 0.007031 0.106250 0.008594 0.109028 0.008594 0.101389 0.007031 0.100694 0.010937 0.095833 0.015234 0.095833 0.023438 0.107639 0.044531 0.107639 0.046484 0.105556 0.060156 0.104167 0.060937 0.107639 0.063672 0.109028 0.064453 0.113889 0.060547 0.114583 0.064844 0.113889 0.069141 0.119444 0.074609 0.132639 0.086719 0.138889 0.087891 0.141667 0.087500 0.144444 0.081641 0.150000 0.082422 0.163889 0.081250 0.170833 0.079297 0.173611 0.092969 0.187500 0.105078 0.188889 0.100000 0.182639 0.098047 0.166667 0.098828 0.156250 0.102734 0.154861 0.104297 0.163194 0.110937 0.175694 0.120313 0.181250 0.121094 0.188194 0.123047 0.192361 0.128125 0.194444 0.131250 0.198611 0.132422 0.205556 0.120703 0.204167 0.119922 0.211806 0.130859 0.220139 0.136328 0.228472 0.154297 0.232639 0.158594 0.240278 0.159375 0.238889 0.161719 0.242361 0.162500 0.252778 0.169922 0.254861 0.170703 0.258333 0.173437 0.261111 0.182812 0.262500 0.187109 0.265972 0.196094 0.265278 0.197266 0.262500 0.202734 0.259722 0.205078 0.255556 0.214453 0.251389 0.214453 0.246528 0.211328 0.242361 0.187109 0.240972 0.184766 0.237500 0.180078 0.222917 0.171875 0.215278 0.164453 0.211806 0.155469 0.211806 0.150781 0.214583 0.142187 0.203472 0.139844 0.197917 0.139063 0.188194 0.140625 0.182639 0.140625 0.175694 0.135156 0.165972 0.121094 0.162500 0.118359 0.156944 0.117578 0.147917 0.115234 0.145139 0.108594 0.143750 0.103516 0.148611 0.101562 0.138889 0.092969 0.125694 0.091016 0.118056 0.069531 0.095833 0.065234 0.095833 0.055859 0.080556 0.048828 0.080556 0.046094 0.077778 0.040234 0.059722 0.038672 0.050000 0.032422 0.049306 0.028125 0.041667 0.027734 0.036111 0.024609 0.028472 0.022656 0.031944 0.021094 0.041667 0.021094 0.077083 0.019531 0.079861 0.010547 0.077778 0.006250 0.082639 0.003906 0.082639
