0 0.383594 0.829861 0.387500 0.838194 0.382812 0.848611 0.385937 0.853472 0.385156 0.856250 0.383594 0.853472 0.383594 0.859028 0.385937 0.856250 0.389844 0.859028 0.394141 0.857639 0.398047 0.868056 0.398047 0.875694 0.402344 0.887500 0.407031 0.888194 0.410156 0.894444 0.412109 0.901389 0.409766 0.906944 0.413281 0.907639 0.417578 0.913194 0.417578 0.920833 0.426953 0.941667 0.437109 0.950694 0.439063 0.954861 0.441797 0.966667 0.442578 0.993750 0.439453 0.997917 0.441406 0.999306 0.449609 0.999306 0.447266 0.978472 0.444141 0.970139 0.444531 0.965278 0.455859 0.952083 0.462500 0.948611 0.475000 0.952083 0.477734 0.950000 0.490234 0.948611 0.494141 0.944444 0.517578 0.941667 0.521484 0.949306 0.528516 0.944444 0.533203 0.945833 0.540234 0.934722 0.544141 0.931944 0.560156 0.931250 0.560547 0.934028 0.563672 0.934028 0.567578 0.930556 0.573047 0.931944 0.574219 0.929861 0.582422 0.928472 0.584375 0.930556 0.586719 0.929861 0.591406 0.935417 0.593750 0.944444 0.601562 0.943750 0.604297 0.945139 0.606250 0.949306 0.610547 0.950000 0.614453 0.960417 0.615234 0.956250 0.621484 0.955556 0.621875 0.952778 0.624609 0.954861 0.626953 0.960417 0.626953 0.954861 0.621094 0.942361 0.626563 0.938194 0.628516 0.930556 0.624609 0.931944 0.617578 0.938889 0.616797 0.947222 0.614062 0.947917 0.606250 0.939583 0.596484 0.936111 0.587500 0.922917 0.583594 0.926389 0.577734 0.927778 0.559766 0.927083 0.550391 0.922222 0.546094 0.923611 0.537109 0.917361 0.533203 0.923611 0.529297 0.923611 0.521875 0.934028 0.517188 0.934722 0.511719 0.931944 0.507031 0.936806 0.494922 0.936806 0.489063 0.943750 0.484766 0.944444 0.476953 0.931250 0.475000 0.934722 0.471484 0.934722 0.463672 0.929167 0.462891 0.934028 0.458203 0.939583 0.398438 0.852083 0.391797 0.839583 0.390234 0.839583
0 0.782031 0.755556 0.780078 0.752778 0.775781 0.755556 0.769531 0.755556 0.766797 0.752083 0.765625 0.754861 0.765625 0.761806 0.762500 0.762500 0.762109 0.768056 0.764062 0.769444 0.766016 0.776389 0.768750 0.764583 0.773828 0.765278 0.775391 0.769444 0.774609 0.778472 0.763672 0.788194 0.755859 0.803472 0.753516 0.803472 0.751953 0.800000 0.750391 0.787500 0.743359 0.789583 0.742188 0.792361 0.741797 0.811111 0.738672 0.817361 0.737891 0.822222 0.641016 0.916667 0.632031 0.904861 0.625781 0.909028 0.624219 0.916667 0.629297 0.920833 0.629297 0.929167 0.639453 0.927083 0.640234 0.931250 0.647266 0.929167 0.648828 0.923611 0.655859 0.920139 0.660156 0.922222 0.664453 0.929167 0.676562 0.923611 0.690234 0.924306 0.691797 0.928472 0.691797 0.943056 0.684375 0.952778 0.680078 0.979861 0.677734 0.983333 0.676172 0.991667 0.672266 0.997222 0.681250 0.997222 0.683594 0.988194 0.687109 0.985417 0.689453 0.977083 0.695703 0.967361 0.695703 0.964583 0.692578 0.959028 0.691797 0.946528 0.694922 0.934722 0.703906 0.934028 0.710547 0.929167 0.716797 0.928472 0.727734 0.919444 0.730078 0.919444 0.732422 0.922917 0.739453 0.919444 0.746094 0.920833 0.755469 0.929167 0.757031 0.925694 0.755859 0.921528 0.752344 0.920833 0.744531 0.911111 0.734375 0.912500 0.732031 0.895139 0.739844 0.877083 0.739453 0.860417 0.734766 0.856944 0.736719 0.856250 0.738672 0.850694 0.739844 0.858333 0.739844 0.847917 0.744531 0.842361 0.748047 0.843750 0.746094 0.838889 0.745703 0.832639 0.747656 0.827778 0.748828 0.818056 0.756250 0.812500 0.764453 0.797222 0.775781 0.793750 0.778906 0.789583 0.780469 0.784722 0.779297 0.772222 0.782031 0.766667
0 0.116016 0.740972 0.115625 0.768750 0.112891 0.772222 0.113281 0.781250 0.116797 0.787500 0.116797 0.795833 0.113281 0.800694 0.114844 0.802778 0.114844 0.806250 0.112500 0.813889 0.108594 0.814583 0.107813 0.816667 0.110156 0.827778 0.115234 0.838889 0.116016 0.852083 0.114844 0.872222 0.119531 0.879861 0.118750 0.893056 0.111719 0.896528 0.113281 0.899306 0.112891 0.909028 0.116016 0.916667 0.116016 0.925000 0.118750 0.932639 0.120703 0.972222 0.123828 0.978472 0.122266 0.977778 0.119922 0.983333 0.116797 0.984028 0.112109 0.992361 0.109375 0.993750 0.109375 0.995833 0.128516 0.997917 0.132422 0.994444 0.151562 0.997917 0.163281 0.997917 0.169922 0.995139 0.180078 0.994444 0.179688 0.996528 0.171875 0.996528 0.171484 0.998611 0.196484 0.999306 0.193359 0.998611 0.187891 0.990972 0.189453 0.989583 0.192578 0.990972 0.196094 0.997917 0.210938 0.999306 0.208203 0.995139 0.203125 0.993750 0.200781 0.995833 0.196484 0.992361 0.196094 0.981944 0.197266 0.980556 0.195312 0.973611 0.191406 0.977778 0.185938 0.978472 0.171094 0.988889 0.158594 0.985417 0.160547 0.986806 0.158984 0.987500 0.156641 0.984028 0.151953 0.984722 0.153516 0.981944 0.151172 0.981250 0.148047 0.972917 0.143750 0.968750 0.141016 0.953472 0.130859 0.939583 0.128906 0.924306 0.128125 0.903472 0.126172 0.900000 0.125391 0.894444 0.123047 0.893056 0.123047 0.868056 0.124609 0.865972 0.124609 0.861806 0.118359 0.846528 0.118359 0.842361 0.123828 0.831944 0.122266 0.822917 0.118750 0.821528 0.117578 0.816667 0.118750 0.804861 0.121094 0.798611 0.119922 0.790278 0.122656 0.784028 0.125781 0.784028 0.126562 0.778472 0.120703 0.765972 0.121484 0.751389 0.118359 0.743056 0.119141 0.740278
0 0.357812 0.611806 0.355859 0.614583 0.355859 0.617361 0.353516 0.619444 0.356641 0.626389 0.355859 0.635417 0.358984 0.640972 0.360547 0.649306 0.365625 0.659028 0.366406 0.672222 0.369141 0.681250 0.367969 0.699306 0.365234 0.702778 0.363281 0.711111 0.364844 0.715278 0.364453 0.735417 0.360938 0.736806 0.360938 0.739583 0.366406 0.747917 0.365625 0.754167 0.363281 0.754167 0.360547 0.762500 0.366406 0.765278 0.368359 0.769444 0.368359 0.773611 0.372266 0.777778 0.372266 0.784722 0.364844 0.800694 0.366016 0.809722 0.371875 0.815278 0.372266 0.820139 0.370703 0.831944 0.369141 0.835417 0.368750 0.844444 0.363281 0.849306 0.363281 0.852778 0.366406 0.852778 0.368750 0.855556 0.366016 0.856944 0.364063 0.863194 0.358984 0.861806 0.355469 0.864583 0.352344 0.870833 0.349219 0.871528 0.349219 0.874306 0.353125 0.879167 0.353125 0.884722 0.349219 0.890278 0.349609 0.896528 0.353516 0.915278 0.356641 0.917361 0.355078 0.926389 0.357422 0.925000 0.357422 0.931944 0.354297 0.936111 0.354687 0.950694 0.356250 0.956250 0.351172 0.970833 0.352344 0.986806 0.350781 0.990278 0.344922 0.995139 0.344531 0.997917 0.376563 0.999306 0.376172 0.994444 0.371484 0.991667 0.369141 0.986111 0.365234 0.985417 0.365625 0.959722 0.368359 0.956250 0.368359 0.947917 0.367188 0.941667 0.364844 0.940972 0.362500 0.936111 0.362109 0.927778 0.363281 0.927778 0.363281 0.932639 0.363281 0.926389 0.360938 0.922222 0.359766 0.907639 0.357422 0.904167 0.356641 0.898611 0.358203 0.890278 0.362109 0.880556 0.366016 0.877083 0.375000 0.878472 0.376953 0.875694 0.378125 0.865972 0.382031 0.863889 0.382031 0.858333 0.381250 0.861111 0.378516 0.859028 0.377344 0.860417 0.377344 0.856944 0.373437 0.852778 0.373437 0.849306 0.376953 0.843750 0.373047 0.837500 0.372656 0.833333 0.373828 0.828472 0.377734 0.822917 0.383984 0.825694 0.377734 0.813194 0.378516 0.809028 0.383203 0.800694 0.382031 0.781250 0.377344 0.774306 0.378516 0.769444 0.378125 0.753472 0.376563 0.747222 0.372656 0.744444 0.373828 0.738889 0.375781 0.738889 0.378516 0.734722 0.378516 0.718750 0.376172 0.711806 0.376172 0.695833 0.374219 0.689583 0.374219 0.674306 0.371484 0.665278 0.372656 0.654861 0.375000 0.647917 0.372266 0.644444 0.366016 0.644444 0.366406 0.629861 0.371094 0.625000 0.366797 0.618056 0.366797 0.611806 0.363281 0.615278
0 0.533594 0.520139 0.530469 0.525000 0.530078 0.528472
0 0.437109 0.525000 0.437109 0.529861 0.441797 0.522917 0.446484 0.525000 0.448437 0.528472 0.447266 0.534028 0.448047 0.540972 0.453516 0.530556 0.457031 0.530556 0.458203 0.532639 0.457031 0.542361 0.463281 0.538889 0.460938 0.526389 0.458984 0.523611 0.455859 0.523611 0.453125 0.516667 0.449219 0.519444 0.444531 0.513889 0.443359 0.518056 0.439453 0.519444
0 0.531250 0.510417 0.524219 0.506944 0.520312 0.508333 0.514844 0.502778 0.514062 0.517361 0.512891 0.519444 0.508594 0.520833 0.506250 0.517361 0.504687 0.510417 0.500000 0.509722 0.496875 0.513889 0.478906 0.520139 0.475000 0.528472 0.471094 0.522917 0.469141 0.530556 0.463672 0.535417 0.464453 0.540972 0.467187 0.537500 0.471875 0.536806 0.482812 0.522917 0.495312 0.525000 0.496875 0.521528 0.502734 0.520139 0.506641 0.521528 0.506641 0.526389 0.507812 0.524306 0.517969 0.523611 0.523047 0.514583 0.525781 0.515278 0.528125 0.511111
0 0.807813 0.500000 0.802734 0.501389 0.803516 0.511806 0.805469 0.516667 0.804297 0.523611 0.808594 0.539583 0.813281 0.550000 0.813672 0.558333 0.806641 0.570139 0.808203 0.594444 0.805859 0.600694 0.804688 0.612500 0.801562 0.623611 0.801172 0.632639 0.798438 0.638889 0.798438 0.645833 0.790625 0.663889 0.785937 0.677778 0.785547 0.682639 0.783594 0.685417 0.783594 0.725694 0.781250 0.739583 0.777344 0.747917 0.777734 0.751389 0.779297 0.751389 0.779687 0.746528 0.781250 0.746528 0.782813 0.750000 0.783984 0.747917 0.785547 0.726389 0.789062 0.713194 0.788281 0.695139 0.790234 0.689583 0.790234 0.683333 0.792969 0.675694 0.794531 0.665278 0.801953 0.650000 0.801953 0.640972 0.803516 0.634028 0.808594 0.625000 0.807813 0.616667 0.810937 0.606250 0.810937 0.597917 0.809375 0.593056 0.809375 0.575000 0.815234 0.565278 0.815234 0.553472 0.809766 0.536806 0.812500 0.529861 0.812891 0.520833 0.807813 0.509028 0.808984 0.501389
0 0.116016 0.495139 0.113672 0.497917 0.115625 0.505556 0.115625 0.511111 0.113281 0.520833 0.112500 0.546528 0.109766 0.548611 0.105469 0.538889 0.100391 0.535417 0.098828 0.547917 0.103516 0.554167 0.099609 0.562500 0.107813 0.561806 0.110937 0.565278 0.110156 0.572917 0.104688 0.581250 0.103516 0.586111 0.109375 0.587500 0.109375 0.595833 0.107422 0.598611 0.105859 0.612500 0.112891 0.624306 0.110547 0.647222 0.112891 0.652083 0.112500 0.668750 0.115625 0.672222 0.115625 0.677778 0.113281 0.681944 0.113281 0.689583 0.116016 0.695139 0.116016 0.698611 0.113281 0.704167 0.116797 0.709028 0.118750 0.715278 0.117969 0.720833 0.116797 0.721528 0.117578 0.734028 0.116406 0.738194 0.119141 0.738194 0.123047 0.733333 0.119922 0.727083 0.121094 0.711806 0.118750 0.704861 0.118750 0.697917 0.120313 0.693056 0.115234 0.687500 0.117188 0.677778 0.117188 0.663889 0.114062 0.640278 0.118359 0.627778 0.121484 0.625000 0.119922 0.622917 0.119922 0.616667 0.115625 0.613889 0.114453 0.609028 0.110547 0.604167 0.110937 0.596528 0.114453 0.588194 0.113672 0.572222 0.116797 0.566667 0.115625 0.529861 0.117969 0.523611 0.118750 0.509722 0.121875 0.504861 0.120313 0.495833
0 0.707031 0.388194 0.682422 0.407639 0.678125 0.406250 0.674219 0.400694 0.668750 0.401389 0.666406 0.404861 0.661328 0.404861 0.658594 0.409722 0.655078 0.411111 0.652344 0.422222 0.643750 0.422917 0.641016 0.429861 0.641016 0.434028 0.634375 0.443056 0.626172 0.438889 0.619922 0.438889 0.614844 0.443750 0.611328 0.443750 0.607812 0.454167 0.603906 0.455556 0.603906 0.461806 0.601562 0.468750 0.593359 0.475000 0.583203 0.476389 0.578906 0.480556 0.573438 0.479167 0.566406 0.489583 0.562500 0.488194 0.556641 0.491667 0.554688 0.486111 0.548438 0.477083 0.537109 0.479167 0.540234 0.492361 0.539453 0.503472 0.537109 0.509028 0.533594 0.511111 0.535156 0.511111 0.536719 0.514583 0.534375 0.518750 0.536719 0.516667 0.537891 0.518056 0.539453 0.514583 0.544922 0.510417 0.551172 0.511806 0.553125 0.504167 0.567187 0.493750 0.571484 0.495833 0.571875 0.490278 0.586328 0.479167 0.599609 0.481944 0.601172 0.476389 0.603125 0.476389 0.607422 0.470833 0.609375 0.461806 0.628516 0.447222 0.631250 0.448611 0.633203 0.446528 0.637500 0.446528 0.641016 0.438889 0.643750 0.438194 0.644922 0.434722 0.674219 0.413194 0.674219 0.411111 0.678125 0.412500 0.680859 0.418750 0.685937 0.420139 0.689844 0.417361 0.694531 0.407639 0.698438 0.408333 0.697656 0.406250 0.701953 0.400694
0 0.742578 0.384028 0.741797 0.391667 0.743750 0.398611 0.744531 0.393750 0.742578 0.388889
0 0.702344 0.381944 0.694922 0.380556 0.692187 0.384028 0.688281 0.384028 0.685937 0.388194 0.675781 0.393750 0.674219 0.399306 0.680469 0.392361 0.684766 0.392361 0.685937 0.388194 0.693359 0.386806 0.691797 0.386111 0.694531 0.384028 0.702344 0.384028 0.700391 0.383333
0 0.772656 0.433333 0.773047 0.442361 0.785937 0.462500 0.792188 0.481250 0.804297 0.498611 0.809766 0.493750 0.812109 0.488889 0.813672 0.488889 0.819141 0.495139 0.821875 0.495139 0.824609 0.499306 0.830859 0.502778 0.835938 0.497222 0.839453 0.487500 0.839844 0.481250 0.845313 0.468056 0.851172 0.461111 0.852344 0.449306 0.858984 0.450000 0.860156 0.452083 0.860156 0.459028 0.861328 0.455556 0.869141 0.447222 0.869922 0.443750 0.873828 0.443750 0.876563 0.440972 0.877344 0.415278 0.871875 0.403472 0.871484 0.397917 0.873437 0.389583 0.879687 0.376389 0.882031 0.376389 0.887109 0.381250 0.895312 0.384722 0.898047 0.389583 0.904687 0.390972 0.910156 0.395139 0.920312 0.390972 0.923047 0.392361 0.923047 0.394444 0.927344 0.390972 0.932813 0.390972 0.934766 0.396528 0.934766 0.403472 0.932422 0.424306 0.942578 0.422917 0.945703 0.425694 0.951172 0.444444 0.953906 0.447917 0.958984 0.450694 0.964063 0.447917 0.975000 0.449306 0.978516 0.451389 0.982031 0.456944 0.987500 0.457639 0.996484 0.475000 0.999609 0.477778 0.998437 0.459028 0.994922 0.458333 0.989844 0.452083 0.982031 0.449306 0.976562 0.444444 0.963672 0.446528 0.958594 0.443056 0.959766 0.445139 0.957031 0.446528 0.953516 0.440972 0.954297 0.440278 0.952344 0.440278 0.948438 0.434722 0.944922 0.420139 0.938281 0.412500 0.937500 0.400694 0.939063 0.397222 0.948438 0.394444 0.953516 0.398611 0.958984 0.398611 0.967187 0.414583 0.972266 0.420833 0.973828 0.427778 0.974609 0.442361 0.973828 0.407639 0.969531 0.400694 0.966406 0.400694 0.964063 0.395833 0.960547 0.393750 0.955469 0.393750 0.951172 0.390972 0.943750 0.390278 0.942187 0.387500 0.933984 0.386111 0.928125 0.378472 0.918359 0.380556 0.916797 0.382639 0.916797 0.386111 0.914453 0.388889 0.903906 0.388889 0.900000 0.384722 0.891016 0.381250 0.881250 0.370833 0.877344 0.355556 0.875391 0.361111 0.876563 0.368750 0.864844 0.398611 0.863281 0.406250 0.860156 0.411111 0.860547 0.429861 0.851172 0.445139 0.848437 0.440278 0.838672 0.441667 0.837891 0.452778 0.832812 0.461111 0.823047 0.463889 0.815625 0.475000 0.811328 0.477778 0.808594 0.483333 0.805859 0.483333 0.798828 0.470139 0.795312 0.468750 0.794531 0.463194 0.797656 0.461806 0.804688 0.468056 0.812891 0.467361 0.816016 0.470833 0.817969 0.468056 0.816797 0.465278 0.807422 0.458333 0.793359 0.456944 0.790625 0.459722 0.784766 0.450694 0.778516 0.436111 0.776172 0.433333
0 0.782422 0.328472 0.780859 0.331250 0.774219 0.328472 0.781250 0.340278 0.781250 0.345139 0.778906 0.352778 0.779687 0.363194 0.785156 0.368056 0.787500 0.376389 0.787109 0.382639 0.782813 0.392361 0.782422 0.409028 0.780859 0.415278 0.773438 0.424306 0.769531 0.422917 0.762891 0.411111 0.762500 0.402083 0.753906 0.392361 0.747266 0.393056 0.746094 0.395139 0.747656 0.398611 0.755078 0.402083 0.765234 0.417361 0.765234 0.422917 0.772656 0.431250 0.775781 0.429167 0.780078 0.421528 0.786328 0.404167 0.786328 0.393750 0.789062 0.379861 0.789062 0.375000 0.784375 0.364583 0.783984 0.357639 0.782422 0.354167
0 0.000781 0.322222 0.000781 0.329861 0.006250 0.336111 0.012500 0.336111 0.017578 0.343056 0.018359 0.347917 0.020313 0.344444 0.020313 0.337500 0.018359 0.334028 0.019141 0.331250 0.025391 0.331944 0.032031 0.344444 0.038672 0.344444 0.043750 0.338194 0.050391 0.341667 0.047266 0.334722 0.044922 0.336806 0.030469 0.334028 0.027734 0.328472 0.018750 0.327083 0.016406 0.320833 0.017188 0.309722 0.009766 0.318750
0 0.917969 0.165278 0.912891 0.188194 0.908203 0.194444 0.907813 0.198611 0.904687 0.204861 0.907031 0.215972 0.904687 0.225694 0.907031 0.220139 0.907031 0.223611 0.903906 0.231250 0.903906 0.227083 0.899609 0.235417 0.900000 0.245833 0.901563 0.247222 0.903516 0.254861 0.900000 0.247222 0.896484 0.263889 0.893359 0.267361 0.894141 0.275000 0.887891 0.302083 0.887891 0.306250 0.879297 0.308333 0.873437 0.326389 0.873437 0.340278 0.872266 0.343750 0.873047 0.352083 0.873437 0.350694 0.876953 0.352778 0.880078 0.341667 0.887500 0.327083 0.888281 0.321528 0.894922 0.304861 0.894922 0.293750 0.899219 0.291667 0.903125 0.286806 0.901563 0.283333 0.901563 0.275694 0.906641 0.261806 0.907031 0.255556 0.909766 0.250000 0.908984 0.242361 0.911328 0.234722 0.911719 0.211806 0.909766 0.201389 0.921484 0.184722
0 0.926562 0.126389 0.923438 0.134028 0.920312 0.134028 0.918359 0.140972 0.913672 0.145139 0.916016 0.151389 0.915234 0.167361 0.918750 0.161806 0.918750 0.154861 0.922266 0.147917 0.923047 0.140278 0.930859 0.134722 0.927344 0.133333
0 0.457422 0.054861 0.450391 0.057639 0.444141 0.065972 0.442188 0.061111 0.439453 0.070139 0.435156 0.068750 0.433203 0.075000 0.431250 0.074306 0.432422 0.081250 0.426953 0.088194 0.427344 0.093750 0.426172 0.095833 0.421484 0.095139 0.418359 0.100000 0.416797 0.109028 0.412500 0.111806 0.412500 0.117361 0.409375 0.121528 0.412500 0.123611 0.412500 0.135417 0.410547 0.140972 0.415234 0.152083 0.412891 0.156250 0.415625 0.160417 0.415625 0.169444 0.414453 0.171528 0.415625 0.176389 0.412109 0.180556 0.408984 0.180556 0.403125 0.185417 0.400391 0.184722 0.398438 0.193056 0.400781 0.197222 0.400781 0.212500 0.396484 0.220139 0.395703 0.229861 0.397266 0.231944 0.397266 0.235417 0.394922 0.236806 0.395703 0.241667 0.384766 0.249306 0.385156 0.262500 0.381250 0.263889 0.379297 0.268750 0.373437 0.275694 0.358984 0.281944 0.354687 0.286806 0.340234 0.287500 0.331641 0.275000 0.324609 0.271528 0.322266 0.264583 0.300000 0.247917 0.296484 0.247222 0.288281 0.234028 0.284766 0.234028 0.281641 0.238889 0.278516 0.234028 0.275000 0.234028 0.273828 0.236806 0.276172 0.243056 0.276172 0.247917 0.270703 0.249306 0.263672 0.255556 0.260937 0.254861 0.253125 0.245833 0.248047 0.244444 0.241797 0.250694 0.237500 0.252083 0.232422 0.249306 0.230859 0.244444 0.227344 0.240278 0.218750 0.243056 0.217188 0.238194 0.208594 0.240278 0.205859 0.236806 0.203125 0.236806 0.201172 0.240278 0.192969 0.238889 0.194141 0.240972 0.193359 0.241667 0.191016 0.237500 0.187500 0.235417 0.180859 0.235417 0.181250 0.239583 0.185547 0.239583 0.196875 0.247917 0.196875 0.254167 0.200781 0.258333 0.206250 0.256250 0.205469 0.252083 0.207813 0.248611 0.215625 0.248611 0.216797 0.246528 0.219531 0.246528 0.225391 0.251389 0.230078 0.250694 0.235937 0.255556 0.251953 0.254167 0.253516 0.258333 0.258203 0.255556 0.259766 0.256250 0.262891 0.263889 0.266016 0.262500 0.267578 0.264583 0.270703 0.264583 0.274219 0.260417 0.282031 0.256944 0.287109 0.256944 0.292187 0.260417 0.293750 0.255556 0.300000 0.259722 0.304688 0.257639 0.306641 0.261806 0.315234 0.264583 0.321484 0.277083 0.314844 0.286111 0.323437 0.287500 0.324609 0.282639 0.326953 0.282639 0.331250 0.289583 0.332422 0.295833 0.337500 0.292361 0.342578 0.294444 0.349609 0.291667 0.363672 0.298611 0.365625 0.302778 0.369531 0.302778 0.367969 0.304167 0.369531 0.315278 0.365625 0.323611 0.365625 0.329167 0.368359 0.335417 0.368359 0.350000 0.362109 0.363194 0.360156 0.370833 0.355859 0.370833 0.353906 0.375000 0.355469 0.381944 0.358203 0.382639 0.359375 0.391667 0.357031 0.395833 0.358203 0.400694 0.353906 0.409028 0.355469 0.419444 0.353516 0.422917 0.356250 0.442361 0.353906 0.446528 0.354297 0.451389 0.348828 0.456250 0.348828 0.465972 0.350000 0.475694 0.352734 0.476389 0.354297 0.479861 0.358594 0.479861 0.362109 0.477083 0.363672 0.471528 0.364453 0.478472 0.362891 0.481944 0.371484 0.486111 0.371484 0.493056 0.369141 0.496528 0.371094 0.502083 0.369141 0.499306 0.366406 0.499306 0.364063 0.502778 0.364063 0.536111 0.358984 0.543056 0.357031 0.543056 0.360938 0.550694 0.360547 0.564583 0.358984 0.568750 0.349609 0.575694 0.344141 0.575694 0.341406 0.584722 0.335938 0.581944 0.335938 0.588889 0.339062 0.590972 0.342969 0.590972 0.344922 0.588194 0.353906 0.589583 0.358594 0.599306 0.359375 0.610417 0.363281 0.605556 0.363281 0.600000 0.364844 0.595139 0.370312 0.594444 0.370703 0.580556 0.374219 0.579167 0.380469 0.584028 0.383594 0.583333 0.384375 0.574306 0.386328 0.569444 0.394141 0.568750 0.398828 0.563889 0.400781 0.551389 0.404687 0.543750 0.410938 0.545139 0.413672 0.543056 0.415625 0.536806 0.423047 0.534028 0.430469 0.535417 0.432422 0.538889 0.431641 0.543750 0.441797 0.543056 0.445312 0.540278 0.444141 0.536111 0.435547 0.540278 0.436328 0.531250 0.434766 0.529861 0.425391 0.529861 0.416016 0.515278 0.412109 0.515972 0.408203 0.510417 0.397656 0.509722 0.393750 0.506944 0.389844 0.498611 0.386719 0.498611 0.385547 0.496528 0.380078 0.504167 0.381250 0.520139 0.377344 0.524306 0.378516 0.525000 0.378125 0.530556 0.376172 0.531944 0.372266 0.520833 0.372266 0.515972 0.375391 0.509028 0.373828 0.504861 0.370703 0.502778 0.372656 0.502083 0.373828 0.497917 0.373828 0.486806 0.370703 0.472917 0.372656 0.465972 0.376953 0.463194 0.379688 0.447222 0.371875 0.450000 0.370703 0.436111 0.366016 0.421528 0.366016 0.417361 0.370703 0.409722 0.369922 0.402778 0.365234 0.402083 0.362500 0.387500 0.362500 0.379861 0.363672 0.374306 0.367188 0.372222 0.367188 0.365278 0.371875 0.352083 0.371484 0.342361 0.369531 0.336806 0.371484 0.322222 0.370703 0.314583 0.372266 0.311806 0.369141 0.302083 0.371094 0.294444 0.383984 0.279861 0.385937 0.272917 0.390234 0.269444 0.391406 0.270833 0.394141 0.267361 0.401953 0.268750 0.410938 0.281944 0.408594 0.273611 0.411719 0.263889 0.412109 0.249306 0.419922 0.248611 0.428906 0.251389 0.429297 0.243056 0.432422 0.238889 0.432422 0.236111 0.428516 0.231944 0.430859 0.227083 0.428906 0.216667 0.425391 0.215278 0.421875 0.217361 0.419922 0.222222 0.418359 0.222222 0.419531 0.230556 0.414453 0.231944 0.413281 0.226389 0.405469 0.215278 0.406250 0.209722 0.411328 0.208333 0.411328 0.206250 0.417578 0.196528 0.420312 0.186806 0.424219 0.186111 0.423828 0.179861 0.421094 0.177778 0.423438 0.169444 0.423828 0.160417 0.418750 0.158333 0.421484 0.151389 0.421484 0.147917 0.417187 0.140972 0.414453 0.123611 0.420703 0.115972 0.428125 0.115278 0.430469 0.111111 0.430859 0.096528 0.434766 0.090278 0.435937 0.085417 0.443750 0.076389 0.446875 0.078472 0.449219 0.070139 0.451172 0.072222 0.453516 0.065972 0.458594 0.059028
0 0.458594 0.041667 0.458594 0.049306 0.459766 0.047917 0.460156 0.051389 0.458203 0.054167 0.518359 0.067361 0.523047 0.070139 0.526953 0.077778 0.531250 0.077083 0.533594 0.079861 0.537500 0.077778 0.541016 0.073611 0.540625 0.072222 0.552344 0.075694 0.561328 0.081250 0.567187 0.081944 0.570703 0.086111 0.585156 0.079861 0.585156 0.081944 0.582422 0.083333 0.595313 0.086111 0.601562 0.090278 0.609766 0.100000 0.613281 0.100694 0.622266 0.108333 0.624609 0.108333 0.626953 0.101389 0.647656 0.098611 0.652344 0.112500 0.650391 0.119444 0.660547 0.131250 0.658594 0.138194 0.659375 0.152083 0.657031 0.157639 0.659375 0.155556 0.663672 0.156250 0.663672 0.159028 0.661719 0.156944 0.662500 0.161111 0.660937 0.162500 0.661328 0.166667 0.667969 0.168056 0.673047 0.178472 0.675391 0.179861 0.680859 0.189583 0.680859 0.194444 0.685156 0.193056 0.703906 0.323611 0.703125 0.327778 0.707031 0.333333 0.705078 0.338889 0.705078 0.344444 0.709375 0.348611 0.710156 0.356944 0.713672 0.356250 0.716016 0.359722 0.714844 0.363889 0.703125 0.381944 0.705078 0.386806 0.708594 0.386806 0.709766 0.381250 0.712891 0.381250 0.714453 0.377778 0.719922 0.373611 0.722656 0.373611 0.726172 0.377778 0.728906 0.375000 0.733594 0.375000 0.739844 0.379167 0.736328 0.369444 0.730859 0.366667 0.729688 0.370833 0.728125 0.371528 0.726562 0.363889 0.726953 0.355556 0.724219 0.353472 0.725391 0.351389 0.720313 0.347222 0.714063 0.350000 0.710156 0.341667 0.707422 0.339583 0.707422 0.327778 0.711328 0.322222 0.714453 0.311806 0.719531 0.309028 0.721875 0.299306 0.725391 0.300000 0.722266 0.295833 0.720313 0.299306 0.719141 0.298611 0.719141 0.288889 0.721484 0.281250 0.721094 0.277778 0.725391 0.284722 0.729688 0.281250 0.737500 0.281250 0.740234 0.286111 0.746094 0.287500 0.757812 0.304861 0.762500 0.308333 0.764453 0.316667 0.771875 0.320139 0.772656 0.324306 0.772656 0.321528 0.768359 0.313889 0.765234 0.304167 0.761719 0.303472 0.757031 0.296528 0.757031 0.292361 0.761719 0.282639 0.748047 0.279167 0.744922 0.272222 0.740625 0.277083 0.739844 0.275000 0.736328 0.276389 0.735156 0.270139 0.729688 0.271528 0.729297 0.267361 0.732031 0.263889 0.729688 0.259722 0.730469 0.256944 0.728516 0.256250 0.718359 0.238889 0.713281 0.226389 0.709766 0.226389 0.702734 0.215278 0.703516 0.222222 0.705078 0.220833 0.708203 0.225694 0.708594 0.233333 0.707812 0.229861 0.700391 0.219444 0.697656 0.211806 0.697656 0.205556 0.692578 0.200000 0.696484 0.197222 0.697656 0.198611 0.695703 0.193750 0.692578 0.190278 0.689063 0.189583 0.685547 0.184722 0.685156 0.186111 0.680859 0.177083 0.669141 0.166667 0.668359 0.161111 0.659766 0.147917 0.659766 0.141667 0.662109 0.136111 0.662500 0.129861 0.656641 0.125694 0.657813 0.124306 0.655078 0.119444 0.657813 0.117361 0.658984 0.112500 0.654687 0.111806 0.651563 0.105556 0.651563 0.101389 0.654297 0.097222 0.654297 0.089583 0.650000 0.091667 0.644141 0.089583 0.642969 0.091667 0.637891 0.091667 0.634375 0.094444 0.632422 0.091667 0.619922 0.093056 0.606250 0.088889 0.604688 0.082639 0.600391 0.079861 0.598828 0.076389 0.593750 0.074306 0.591016 0.068056 0.585938 0.067361 0.580859 0.070139 0.574609 0.068056 0.568750 0.078472 0.567578 0.074306 0.563281 0.074306 0.550781 0.065972 0.550000 0.061806 0.546875 0.059722 0.543750 0.059722 0.530469 0.068750 0.526172 0.062500 0.526172 0.045833 0.516797 0.047222 0.514844 0.043056 0.516797 0.041667 0.513281 0.041667 0.510156 0.035417 0.505469 0.032639 0.500000 0.036806 0.489063 0.039583 0.488672 0.037500 0.490234 0.036806 0.491016 0.032639 0.486719 0.031250 0.485938 0.027083 0.483594 0.027083 0.483594 0.021528 0.479687 0.026389 0.477344 0.022222 0.478516 0.019444 0.477344 0.015972 0.475000 0.017361 0.473438 0.024306 0.470313 0.025000 0.464844 0.030556 0.463281 0.029861
0 0.102344 0.000694 0.097656 0.012500 0.098828 0.015972 0.101562 0.018056 0.103125 0.023611 0.100781 0.035417 0.101172 0.043750 0.098437 0.049306 0.098437 0.054167 0.094531 0.059722 0.094531 0.063194 0.096484 0.067361 0.096094 0.072222 0.097266 0.075000 0.099219 0.075000 0.103906 0.080556 0.106250 0.086806 0.107422 0.122917 0.105078 0.128472 0.105078 0.134028 0.106641 0.138194 0.106641 0.146528 0.108594 0.150000 0.110156 0.194444 0.108203 0.196528 0.107422 0.200694 0.108984 0.198611 0.110156 0.200694 0.110547 0.198611 0.114062 0.210417 0.112109 0.209028 0.110547 0.202083 0.112109 0.239583 0.117578 0.240278 0.117188 0.242361 0.110937 0.242361 0.112500 0.254861 0.110547 0.258333 0.110547 0.266667 0.112109 0.268056 0.117578 0.289583 0.116797 0.299306 0.114453 0.309028 0.112109 0.313194 0.114062 0.338889 0.110156 0.343750 0.103125 0.343750 0.097656 0.337500 0.093359 0.342361 0.086328 0.342361 0.080469 0.336806 0.078125 0.328472 0.072266 0.338194 0.066797 0.341667 0.061719 0.340972 0.056641 0.345833 0.052344 0.344444 0.060156 0.350000 0.071484 0.340972 0.073047 0.340972 0.075000 0.347222 0.077734 0.347222 0.078906 0.345139 0.092969 0.346528 0.100000 0.343056 0.101172 0.345139 0.106250 0.345139 0.113281 0.352778 0.116797 0.361111 0.116016 0.366667 0.117578 0.385417 0.116016 0.390972 0.115234 0.407639 0.117188 0.404861 0.118750 0.406944 0.118750 0.431944 0.117578 0.434722 0.117188 0.450000 0.115625 0.452778 0.110156 0.452778 0.110156 0.463889 0.108984 0.467361 0.116016 0.468750 0.118359 0.475000 0.117969 0.487500 0.116016 0.490278 0.116016 0.493056 0.119922 0.494444 0.121094 0.478472 0.123047 0.474306 0.123047 0.468750 0.124219 0.468056 0.119141 0.464583 0.119141 0.458333 0.121094 0.455556 0.121875 0.456944 0.125781 0.450000 0.126562 0.440972 0.123047 0.438889 0.122656 0.429861 0.121094 0.425000 0.122266 0.420833 0.122266 0.400000 0.120313 0.397222 0.121484 0.383333 0.119531 0.377778 0.121875 0.373611 0.122266 0.366667 0.117969 0.357639 0.117969 0.348611 0.116016 0.343056 0.116406 0.335417 0.114453 0.330556 0.114453 0.324306 0.117188 0.318750 0.117578 0.308333 0.123047 0.300000 0.125391 0.282639 0.131641 0.270833 0.131250 0.266667 0.135547 0.270139 0.135547 0.274306 0.133984 0.277083 0.133984 0.281944 0.135156 0.284028 0.146094 0.281944 0.142578 0.268750 0.142969 0.262500 0.145313 0.255556 0.141797 0.257639 0.134766 0.256944 0.135547 0.254167 0.139453 0.253472 0.140234 0.247917 0.149609 0.246528 0.151953 0.237500 0.155078 0.235417 0.162109 0.241667 0.163281 0.237500 0.170313 0.238194 0.171484 0.239583 0.170313 0.244444 0.173828 0.243750 0.176172 0.249306 0.176953 0.245833 0.180078 0.243056 0.176953 0.242361 0.179688 0.236806 0.179688 0.230556 0.177344 0.237500 0.172266 0.237500 0.167187 0.230556 0.154297 0.233333 0.139844 0.226389 0.132812 0.216667 0.133203 0.213889 0.140234 0.206944 0.139453 0.202778 0.136719 0.200000 0.129297 0.200000 0.119922 0.191667 0.119922 0.179861 0.118750 0.174306 0.119531 0.163194 0.113672 0.150694 0.107422 0.129167 0.107813 0.124306 0.113672 0.111111 0.116016 0.098611 0.115234 0.093750 0.105469 0.077778 0.102734 0.013889 0.105078 0.002083
0 0.972656 0.001389 0.968359 0.001389 0.965234 0.006250 0.940234 0.015278 0.939063 0.012500 0.938281 0.000000 0.924219 0.000000 0.925391 0.009028 0.922656 0.015278 0.922656 0.024306 0.921094 0.027778 0.921094 0.043056 0.919141 0.046528 0.919141 0.051389 0.927344 0.063889 0.929297 0.091667 0.923438 0.098611 0.923438 0.105556 0.920312 0.113889 0.918359 0.129167 0.925781 0.122222 0.928906 0.113194 0.942578 0.098611 0.945703 0.099306 0.946094 0.097222 0.942187 0.089583 0.937109 0.085417 0.933203 0.079167 0.931250 0.068750 0.931250 0.052083 0.936328 0.035417 0.937109 0.022222 0.939063 0.020139 0.944922 0.020139 0.948438 0.015278 0.958594 0.013889 0.968359 0.006944
0 0.636328 0.000000 0.633984 0.005556 0.634766 0.036111 0.639453 0.043056 0.643359 0.043750 0.644922 0.050694 0.640625 0.066667 0.640625 0.075000 0.646484 0.080556 0.645703 0.086806 0.646875 0.088194 0.648047 0.081944 0.641406 0.069444 0.644922 0.065972 0.646875 0.061111 0.648438 0.043750 0.651953 0.038889 0.652734 0.028472 0.650391 0.020833 0.643359 0.013194 0.640625 0.013194 0.639062 0.015972 0.635938 0.014583 0.634766 0.009722 0.637109 0.006250
