0 0.493441 0.432851 0.493827 0.435950 0.501543 0.441632 0.511188 0.442665 0.511188 0.441116 0.507330 0.440599
0 0.673611 0.432851 0.664352 0.432851 0.660494 0.435434 0.646219 0.435434 0.638117 0.432335 0.637731 0.436983 0.631559 0.438017 0.624228 0.442665 0.616127 0.442665 0.613040 0.440599 0.604938 0.440599 0.597608 0.444215 0.592593 0.444215 0.590664 0.442665 0.576003 0.442665 0.569830 0.447314 0.581404 0.447831 0.584877 0.444731 0.589892 0.446281 0.615355 0.446281 0.635802 0.440599 0.656250 0.439566 0.663966 0.434917 0.672840 0.434401
0 0.063272 0.428202 0.056713 0.428202 0.050540 0.430785 0.039352 0.439566 0.020448 0.440083 0.002701 0.454545 0.002701 0.457128 0.014660 0.446281 0.018133 0.444731 0.026620 0.446798 0.031250 0.446281 0.033951 0.440083 0.057485 0.441116 0.059799 0.438533 0.060185 0.434401
0 0.880787 0.428202 0.871528 0.428202 0.868441 0.426136 0.863812 0.428202 0.847608 0.426653 0.841821 0.427169 0.836420 0.429752 0.818287 0.429752 0.809799 0.436983 0.800154 0.434917 0.801698 0.438017 0.811728 0.440599 0.814043 0.439566 0.814815 0.436467 0.818673 0.433368 0.836420 0.432851 0.841821 0.429236 0.866898 0.429236 0.876157 0.433368 0.881559 0.432335
0 0.251543 0.430269 0.253858 0.432851 0.260031 0.432851 0.271219 0.430269 0.272377 0.428202 0.278164 0.428202 0.283179 0.433884 0.291281 0.434917 0.291281 0.429752 0.288966 0.426653 0.269290 0.426136 0.262346 0.430785 0.252315 0.429236
0 0.155478 0.425620 0.147762 0.425620 0.134645 0.434401 0.128086 0.436467 0.120756 0.436467 0.117670 0.434917 0.111883 0.436467 0.106867 0.434401 0.102623 0.429236 0.097608 0.429236 0.094136 0.430785 0.086806 0.438017 0.079861 0.440599 0.077546 0.443182 0.072145 0.443182 0.067130 0.440599 0.063272 0.444731 0.071373 0.445764 0.081404 0.444215 0.089892 0.439050 0.093750 0.434401 0.108796 0.435950 0.111883 0.439566 0.128086 0.437500 0.131559 0.440083 0.136960 0.440083 0.153549 0.429752
0 0.907793 0.433368 0.913966 0.433368 0.920910 0.428719 0.927469 0.431302 0.939429 0.432335 0.945216 0.428719 0.951389 0.428202 0.952546 0.427169 0.952546 0.424070 0.944444 0.424587 0.940201 0.429236 0.927469 0.427686 0.922840 0.423554 0.918210 0.428202 0.913194 0.429236
0 0.675540 0.431818 0.676698 0.433884 0.682485 0.433884 0.684799 0.431818 0.687886 0.431818 0.694444 0.434401 0.718364 0.435434 0.720679 0.437500 0.732639 0.437500 0.736883 0.439566 0.741127 0.439566 0.745370 0.436467 0.761188 0.436467 0.774691 0.434917 0.777006 0.433368 0.776235 0.428202 0.770448 0.428202 0.763117 0.433368 0.745756 0.432335 0.741898 0.434917 0.738040 0.434917 0.731867 0.431818 0.717207 0.431818 0.709877 0.423554 0.694444 0.423554 0.692515 0.425103 0.693673 0.430269 0.679784 0.428202 0.678627 0.431818
0 0.400849 0.426653 0.400077 0.423554 0.395833 0.421488 0.390818 0.424070 0.379244 0.422004 0.375772 0.427169 0.368441 0.425620 0.363812 0.426653 0.359182 0.430785 0.354167 0.439566 0.341435 0.439566 0.345293 0.441632 0.354167 0.441632 0.359954 0.436467 0.363040 0.429236 0.374228 0.429236 0.382330 0.423554 0.385802 0.424070 0.389275 0.429752 0.391975 0.429752 0.395062 0.433368 0.400463 0.430785
0 0.240355 0.419938 0.225694 0.418388 0.220679 0.422521 0.209877 0.422521 0.206790 0.424070 0.201389 0.424070 0.196759 0.421488 0.169753 0.423037 0.163966 0.428719 0.167438 0.426653 0.175540 0.426653 0.177083 0.425103 0.200617 0.425620 0.202932 0.428202 0.206019 0.428202 0.212963 0.425103 0.222608 0.424070 0.226852 0.421488 0.237269 0.421488
