0 0.581019 0.873967 0.579861 0.875000 0.579861 0.885331 0.583719 0.889979 0.582948 0.897727 0.589120 0.909607 0.589120 0.933884 0.590278 0.938017 0.595679 0.941116 0.596451 0.951446 0.592593 0.956612 0.592593 0.962810 0.593750 0.964360 0.593364 0.977789 0.596451 0.981405 0.594522 0.985021 0.594136 0.998450 0.601852 0.999483 0.602623 0.975207 0.598380 0.970041 0.597608 0.956612 0.598380 0.951963 0.600694 0.948347 0.600694 0.940599 0.599151 0.938017 0.596065 0.937500 0.596065 0.934401 0.600309 0.929752 0.600309 0.926653 0.597608 0.921488 0.596451 0.912707 0.588349 0.898244 0.584491 0.879649 0.582562 0.874483
0 0.554398 0.824897 0.554398 0.826963 0.558642 0.834711 0.562114 0.835227 0.565972 0.832645 0.567901 0.834711 0.574846 0.852789 0.573688 0.860021 0.577932 0.862603 0.577932 0.869835 0.579475 0.870868 0.580633 0.864153 0.576389 0.856921 0.576389 0.850723 0.573302 0.845558 0.571373 0.831095 0.565586 0.827996 0.562500 0.831612 0.560185 0.832128 0.556713 0.824897
0 0.233796 0.511880 0.231481 0.509298 0.211806 0.507231 0.209877 0.509298 0.209105 0.514463 0.205633 0.517562 0.205247 0.525826 0.197531 0.524277 0.185571 0.525826 0.180556 0.522727 0.170910 0.528926 0.165895 0.528926 0.155478 0.522727 0.136188 0.521178 0.130401 0.523760 0.128472 0.529442 0.123071 0.529442 0.118056 0.532541 0.114198 0.532025 0.110725 0.528409 0.108410 0.528409 0.104167 0.530992 0.099923 0.537190 0.084877 0.538740 0.077160 0.535124 0.068673 0.534607 0.063657 0.536674 0.058256 0.541322 0.049769 0.540806 0.047840 0.542355 0.043596 0.542355 0.038966 0.539256 0.035880 0.534607 0.030864 0.534607 0.025849 0.540806 0.018519 0.544421 0.009645 0.552686 0.000772 0.553202 0.000000 0.565083 0.002701 0.565083 0.011574 0.559401 0.026620 0.556818 0.031636 0.552686 0.043596 0.552686 0.053241 0.549070 0.061343 0.549070 0.065972 0.547004 0.082562 0.546488 0.086806 0.548554 0.096451 0.548037 0.104552 0.543905 0.115741 0.540806 0.125772 0.535124 0.131173 0.535124 0.136574 0.538740 0.142361 0.538740 0.145448 0.532025 0.151620 0.532025 0.153164 0.533574 0.166281 0.534607 0.168981 0.536157 0.194444 0.534091 0.209491 0.523760 0.211806 0.520145 0.217593 0.520145 0.223380 0.516012 0.233410 0.514979
0 0.284722 0.460744 0.286265 0.464876 0.291281 0.465393 0.292824 0.467459 0.294367 0.472624 0.301698 0.484504 0.302855 0.489153 0.307870 0.495351 0.323688 0.494318 0.321759 0.491219 0.311728 0.490702 0.310957 0.488636 0.305556 0.486570 0.303241 0.480372 0.299769 0.476756 0.299383 0.473657 0.295525 0.470041 0.297068 0.466426 0.297068 0.462810 0.295525 0.460744
0 0.302855 0.450930 0.314043 0.451446 0.320602 0.456095 0.325617 0.457128 0.327932 0.460744 0.333719 0.463326 0.338735 0.460744 0.341821 0.462810 0.344522 0.468492 0.350309 0.472107 0.358410 0.482438 0.371528 0.482955 0.374614 0.480888 0.378472 0.480888 0.382716 0.483988 0.395833 0.483471 0.395833 0.475723 0.394290 0.469525 0.392361 0.469525 0.389275 0.473657 0.381944 0.472107 0.368441 0.473657 0.366898 0.471591 0.366512 0.466426 0.364198 0.465393 0.362654 0.461260 0.360340 0.459711 0.354938 0.459711 0.351466 0.464360 0.344136 0.454029 0.329861 0.452479 0.326775 0.446281 0.318673 0.445248 0.315586 0.442665 0.312886 0.442665 0.308642 0.445764 0.303627 0.445764
0 0.702932 0.440083 0.702546 0.446281 0.704861 0.445764 0.709491 0.451963 0.712963 0.451963 0.714506 0.449897 0.724151 0.450413 0.731481 0.456612 0.736111 0.452479 0.746528 0.454029 0.741898 0.447831 0.736497 0.447314 0.731867 0.450413 0.729167 0.450413 0.724151 0.446798 0.717207 0.446798 0.707562 0.440599
0 0.783565 0.422004 0.777778 0.424070 0.775849 0.431818 0.770448 0.432335 0.765046 0.439050 0.761188 0.439566 0.760031 0.441632 0.760031 0.446281 0.764660 0.445248 0.770833 0.440599 0.773920 0.435950 0.779321 0.431818
0 0.516590 0.395145 0.514660 0.398760 0.514275 0.407025 0.512731 0.407541 0.511574 0.410640 0.511960 0.419938 0.508488 0.425620 0.505015 0.427686 0.489583 0.428202 0.486111 0.423554 0.478009 0.430269 0.468364 0.429236 0.465278 0.431818 0.455633 0.431818 0.451775 0.434917 0.439815 0.434401 0.437114 0.435434 0.437114 0.438533 0.442901 0.442149 0.447145 0.442149 0.449460 0.439566 0.455247 0.441632 0.473380 0.441116 0.477623 0.447314 0.478395 0.466426 0.475694 0.472624 0.475694 0.487087 0.477238 0.489669 0.477238 0.492769 0.472994 0.505165 0.473765 0.520661 0.471451 0.526860 0.471836 0.530992 0.473765 0.533574 0.471451 0.539256 0.471451 0.544938 0.472994 0.549070 0.472994 0.556302 0.475694 0.564050 0.476080 0.592975 0.471836 0.611570 0.471836 0.627066 0.483410 0.644112 0.483410 0.678202 0.486883 0.690599 0.489969 0.694731 0.490355 0.710227 0.498071 0.712293 0.502701 0.716942 0.503472 0.722107 0.508102 0.732438 0.508102 0.741219 0.503086 0.745351 0.503472 0.750517 0.508873 0.762913 0.519290 0.773760 0.519676 0.781508 0.523148 0.787190 0.521219 0.797004 0.525077 0.809917 0.524306 0.816116 0.526620 0.822831 0.525077 0.830062 0.526235 0.841426 0.523534 0.853306 0.530093 0.873450 0.532793 0.877583 0.537037 0.880682 0.540895 0.890496 0.538966 0.910124 0.542438 0.925620 0.542438 0.932851 0.540509 0.938017 0.540123 0.945764 0.547454 0.921488 0.545525 0.921488 0.542824 0.917872 0.542052 0.913223 0.542824 0.905475 0.546296 0.896694 0.546296 0.890496 0.543981 0.886880 0.537423 0.865186 0.532793 0.864669 0.531250 0.860537 0.531250 0.856405 0.534722 0.852789 0.534722 0.848657 0.529321 0.843492 0.532407 0.835227 0.531250 0.824380 0.533179 0.819731 0.533179 0.816116 0.528935 0.804236 0.530864 0.797004 0.530864 0.789256 0.529321 0.786674 0.528164 0.775826 0.525463 0.772211 0.523920 0.764463 0.517361 0.759814 0.516204 0.743285 0.513889 0.741736 0.516590 0.735537 0.517747 0.724690 0.516590 0.700930 0.511188 0.693698 0.512731 0.670971 0.508873 0.674070 0.503086 0.674587 0.497299 0.680785 0.493056 0.679236 0.490355 0.673554 0.493056 0.670971 0.488812 0.665289 0.487654 0.660640 0.488426 0.653409 0.491898 0.651860 0.492284 0.647211 0.488040 0.643595 0.485725 0.636364 0.481096 0.629132 0.477623 0.627066 0.478009 0.613120 0.481096 0.607438 0.481481 0.564050 0.477623 0.555785 0.479552 0.544938 0.478395 0.530992 0.480324 0.525310 0.480324 0.517045 0.478009 0.508264 0.479938 0.497934 0.483410 0.490186 0.483410 0.484504 0.481096 0.473657 0.484568 0.470041 0.485725 0.466426 0.485725 0.455062 0.488812 0.451963 0.488040 0.445248 0.485340 0.441116 0.493056 0.434917 0.496914 0.434917 0.500386 0.431818 0.503086 0.434401 0.512346 0.434401 0.516590 0.438533 0.520833 0.438017 0.520833 0.433884 0.512346 0.428719 0.512731 0.423554 0.515432 0.417872 0.518519 0.416839 0.522377 0.421488 0.525463 0.421488 0.527778 0.431818 0.534336 0.438017 0.544367 0.441116 0.545910 0.440599 0.546682 0.435950 0.548611 0.434917 0.552083 0.438533 0.564815 0.441116 0.570216 0.445764 0.579090 0.448347 0.587191 0.453512 0.595679 0.455579 0.606867 0.461777 0.610725 0.465909 0.620370 0.465393 0.627315 0.461777 0.634645 0.460744 0.636574 0.458161 0.643133 0.456612 0.644290 0.455062 0.652006 0.456095 0.659722 0.450413 0.667438 0.450413 0.671682 0.447314 0.674769 0.449897 0.689429 0.447831 0.690201 0.445248 0.685185 0.445764 0.674769 0.443182 0.671296 0.445248 0.663194 0.445248 0.657022 0.447831 0.651620 0.454029 0.648148 0.450930 0.642747 0.450930 0.636188 0.454029 0.630015 0.452996 0.626157 0.459194 0.605324 0.458678 0.600309 0.454029 0.598765 0.449380 0.591821 0.450413 0.585262 0.447831 0.575617 0.439566 0.570602 0.439566 0.567130 0.435950 0.563272 0.435950 0.559028 0.433368 0.543210 0.429236 0.540895 0.426653 0.539738 0.419938 0.537037 0.415806 0.531636 0.414256 0.529321 0.410124 0.523920 0.410124 0.519290 0.404959 0.518904 0.395145
0 0.868827 0.356921 0.858410 0.360021 0.853781 0.368285 0.854167 0.377066 0.852623 0.381715 0.845679 0.385331 0.844136 0.389979 0.834877 0.386880 0.833719 0.389979 0.828704 0.392045 0.826389 0.402893 0.822145 0.405992 0.820216 0.410640 0.814043 0.410124 0.811728 0.407541 0.808642 0.407025 0.807099 0.408058 0.807099 0.415289 0.804784 0.419938 0.801698 0.419938 0.798611 0.415806 0.788966 0.417355 0.785108 0.420971 0.793210 0.421488 0.797454 0.424587 0.800926 0.422521 0.807099 0.422521 0.812886 0.416839 0.820602 0.418388 0.826389 0.412190 0.826389 0.408058 0.829475 0.402376 0.834491 0.401343 0.839506 0.394628 0.844522 0.393595 0.848380 0.389979 0.852623 0.389979 0.856481 0.384814 0.859568 0.387913 0.862654 0.388430 0.861883 0.383781 0.858410 0.377583 0.859182 0.368285 0.861883 0.363120 0.867284 0.360537
0 0.998457 0.218492 0.989969 0.218492 0.991127 0.226240 0.986883 0.229339 0.985340 0.236570 0.980324 0.244318 0.978009 0.244835 0.974151 0.241736 0.971451 0.242252 0.963735 0.255682 0.961806 0.255682 0.957176 0.249483 0.954861 0.250000 0.953318 0.264979 0.949846 0.266529 0.946373 0.273244 0.940201 0.275826 0.938657 0.288740 0.929784 0.295971 0.927855 0.300620 0.927855 0.314050 0.925540 0.318182 0.917824 0.322314 0.913580 0.322314 0.910494 0.327996 0.898920 0.327479 0.893904 0.323864 0.891590 0.324380 0.890046 0.327479 0.890046 0.331612 0.895062 0.331095 0.898534 0.335227 0.914352 0.331612 0.917052 0.326963 0.925154 0.325413 0.929012 0.320764 0.935571 0.322314 0.932099 0.316116 0.930941 0.307335 0.932870 0.306818 0.936728 0.314566 0.939815 0.314566 0.940201 0.306302 0.934799 0.301136 0.939043 0.299587 0.940972 0.296488 0.942130 0.298037 0.944830 0.297521 0.943673 0.288223 0.950617 0.289256 0.950231 0.285124 0.944444 0.283574 0.945216 0.278409 0.947531 0.275826 0.952160 0.275826 0.954090 0.269628 0.956404 0.267045 0.964120 0.265496 0.965278 0.257748 0.970679 0.260847 0.972222 0.253616 0.975694 0.249483 0.985340 0.247417 0.988040 0.235021 0.992284 0.232438 0.991898 0.224690
